# VELOCITY:        AVE_POFV:        ERROR:
   0.0730297      0.0025      0.0025           0
    0.219089      0.0735      0.0735           0
    0.365148      0.5275      0.5275           0
    0.511208       1.742       1.742           0
    0.657267      2.2655      2.2655           0
    0.803326       3.896       3.896           0
    0.949386       3.856       3.856           0
     1.09545       7.044       7.044           0
      1.2415       5.921       5.921           0
     1.38756         7.5         7.5           0
     1.53362      9.8695      9.8695           0
     1.67968       8.963       8.963           0
     1.82574      7.9385      7.9385           0
      1.9718       8.784       8.784           0
     2.11786       7.382       7.382           0
     2.26392      5.1885      5.1885           0
     2.40998      6.4355      6.4355           0
     2.55604       5.799       5.799           0
      2.7021       5.062       5.062           0
     2.84816        2.25        2.25           0
     2.99422      1.8065      1.8065           0
     3.14028       1.421       1.421           0
     3.28634      1.2935      1.2935           0
     3.43239       0.549       0.549           0
     3.57845      0.2945      0.2945           0
     3.72451       0.123       0.123           0
     3.87057      0.3635      0.3635           0
     4.01663       0.309       0.309           0
     4.16269       0.118       0.118           0
     4.30875        0.29        0.29           0
   0.0730297        0.06     0.03125   0.0203293
    0.219089      0.2685       0.171   0.0689429
    0.365148       0.654     0.59075   0.0447245
    0.511208       1.391      1.5665    0.124097
    0.657267      2.2185       2.242    0.016617
    0.803326      2.6735     3.28475    0.432219
    0.949386      5.1225     4.48925    0.447775
     1.09545      6.6865     6.86525    0.126395
      1.2415       5.881       5.901   0.0141421
     1.38756       6.834       7.167    0.235467
     1.53362      9.0215      9.4455    0.299813
     1.67968      7.6675     8.31525    0.458028
     1.82574      7.4445      7.6915    0.174655
      1.9718      7.8175     8.30075    0.341709
     2.11786       6.844       7.113    0.190212
     2.26392       7.185     6.18675    0.705869
     2.40998       5.765     6.10025    0.237058
     2.55604      5.7025     5.75075   0.0341179
      2.7021      4.0905     4.57625    0.343477
     2.84816       3.036       2.643    0.277893
     2.99422       3.056     2.43125    0.441765
     3.14028       2.275       1.848    0.301935
     3.28634       1.079     1.18625   0.0758372
     3.43239      0.8275     0.68825   0.0984646
     3.57845      0.8775       0.586    0.206122
     3.72451       0.727       0.425    0.213546
     3.87057       1.194     0.77875    0.293626
     4.01663       0.455       0.382   0.0516188
     4.16269       0.157      0.1375   0.0137886
     4.30875       0.298       0.294  0.00282843
   0.0730297      0.0065       0.023   0.0151346
    0.219089      0.2075    0.183167   0.0470232
    0.365148      0.7085        0.63   0.0437728
    0.511208      1.6385      1.5905   0.0850206
    0.657267       3.443     2.64233    0.327058
    0.803326      4.5955     3.72167    0.458576
    0.949386       4.728     4.56883    0.305507
     1.09545      5.3855       6.372    0.411458
      1.2415      7.2155     6.33917    0.357886
     1.38756      6.3915      6.9085     0.26304
     1.53362      6.9155     8.60217    0.717001
     1.67968      8.3605     8.33033    0.305601
     1.82574      6.8135     7.39883     0.26582
      1.9718       7.361      7.9875    0.342509
     2.11786       8.818     7.68133    0.481057
     2.26392      7.2875     6.55367     0.55785
     2.40998      4.6765     5.62567    0.418484
     2.55604      3.6625     5.05467    0.568805
      2.7021      3.9685     4.37367    0.282478
     2.84816      3.3365     2.87417    0.264476
     2.99422      1.9715       2.278    0.319989
     3.14028      1.9325     1.87617    0.202599
     3.28634       1.631      1.3345     0.13118
     3.43239      1.3135    0.896667    0.182393
     3.57845      1.1905      0.7875    0.214362
     3.72451       1.732    0.860667    0.383151
     3.87057       0.974    0.843833    0.202836
     4.01663      0.9815    0.581833    0.166753
     4.16269      0.1775    0.150833   0.0142485
     4.30875      0.0945      0.2275   0.0543298
   0.0730297      0.0455    0.028625   0.0123521
    0.219089       0.156    0.176375   0.0357545
    0.365148      0.9485    0.709625   0.0763733
    0.511208       1.678     1.61237   0.0665201
    0.657267      2.8225     2.68737    0.248376
    0.803326      4.3045     3.86738     0.36635
    0.949386       5.789     4.87387    0.349698
     1.09545      5.9795     6.27388     0.32008
      1.2415        5.67     6.17188    0.305018
     1.38756      6.9545        6.92    0.197531
     1.53362       8.029     8.45887    0.551884
     1.67968      8.7275     8.42962      0.2448
     1.82574       5.541     6.93438    0.448929
      1.9718       6.409     7.59288    0.427534
     2.11786       7.356         7.6    0.367604
     2.26392      8.0695     6.93262    0.531747
     2.40998      6.1465     5.75587    0.333505
     2.55604      3.4345     4.64963    0.552299
      2.7021       3.831       4.238    0.242257
     2.84816       3.805     3.10687    0.282772
     2.99422      2.7555     2.39737    0.261312
     3.14028       2.383     2.00287     0.18743
     3.28634      1.8665      1.4675    0.151481
     3.43239       1.728      1.1045    0.226073
     3.57845        1.06    0.855625    0.171255
     3.72451      0.6325    0.803625    0.291578
     3.87057      0.6175     0.78725    0.159824
     4.01663      0.3955     0.53525     0.13141
     4.16269       0.415    0.216875   0.0581835
     4.30875       0.178    0.215125   0.0421331
   0.0730297      0.0115      0.0252   0.0103456
    0.219089       0.661      0.2733   0.0912893
    0.365148       1.493      0.8663    0.152875
    0.511208       2.943      1.8785    0.243906
    0.657267      2.7695      2.7038    0.199243
    0.803326       4.043      3.9025    0.294759
    0.949386      6.2625      5.1516    0.374125
     1.09545      7.6075      6.5406    0.349975
      1.2415      6.4375       6.225    0.248598
     1.38756        6.78       6.892    0.159997
     1.53362      9.1775      8.6026    0.459841
     1.67968       6.814      8.1065    0.349115
     1.82574      6.8815      6.9238    0.359268
      1.9718       5.451      7.1645    0.513602
     2.11786      5.6075      7.2015    0.462089
     2.26392      5.2525      6.5966    0.520859
     2.40998      5.2525      5.6552     0.28159
     2.55604       5.242      4.7681    0.454369
      2.7021      3.5945      4.1093    0.225414
     2.84816      2.8545      3.0564    0.230679
     2.99422      2.7995      2.4778     0.22108
     3.14028       2.269      2.0561     0.15732
     3.28634       1.346      1.4432    0.123118
     3.43239      1.6255      1.2087     0.20346
     3.57845      1.0685      0.8982    0.142197
     3.72451       0.572      0.7573    0.236914
     3.87057      0.2535      0.6805    0.159576
     4.01663      1.1175      0.6517    0.147988
     4.16269      0.4205      0.2576   0.0591052
     4.30875      0.2325      0.2186   0.0338495
   0.0730297      0.0195     0.02425  0.00866486
    0.219089      0.2695    0.272667   0.0760766
    0.365148      0.7475      0.8465    0.128671
    0.511208      2.8185     2.03517    0.248528
    0.657267       4.118      2.9395    0.271778
    0.803326       4.332     3.97408    0.254176
    0.949386       4.444     5.03367    0.329835
     1.09545      5.8935     6.43275    0.307815
      1.2415      6.2565     6.23025     0.20722
     1.38756       7.006       6.911    0.134455
     1.53362       7.636      8.4415    0.410452
     1.67968       6.867     7.89992    0.346704
     1.82574       6.746     6.89417     0.30061
      1.9718      6.3695       7.032    0.444764
     2.11786      7.8915      7.3165    0.399128
     2.26392      6.8435     6.63775    0.435671
     2.40998        5.99       5.711    0.240123
     2.55604       4.885     4.78758    0.379058
      2.7021       3.465     4.00192    0.211884
     2.84816      2.1135     2.89925    0.239861
     2.99422       2.864     2.54217    0.193376
     3.14028       2.073     2.05892    0.131125
     3.28634      3.0895     1.71758    0.270675
     3.43239       1.499     1.25708    0.175208
     3.57845      0.9605    0.908583    0.118876
     3.72451      0.4915       0.713    0.201528
     3.87057      0.6945    0.682833    0.132997
     4.01663      0.4885      0.6245    0.125798
     4.16269       0.115    0.233833    0.053821
     4.30875        0.03    0.187167   0.0402376
   0.0730297      0.2835   0.0612857   0.0350836
    0.219089        0.28    0.273714   0.0652157
    0.365148       0.533    0.801714    0.117826
    0.511208       1.972     2.02614    0.213188
    0.657267       2.723     2.90857    0.234706
    0.803326      3.6085     3.92186    0.223166
    0.949386       5.124     5.04657    0.282968
     1.09545       5.346      6.2775    0.300453
      1.2415       5.613     6.14207    0.195481
     1.38756       6.788     6.89343    0.116389
     1.53362       6.866     8.21643    0.408895
     1.67968       8.545     7.99207     0.30918
     1.82574       7.742     7.01529    0.281008
      1.9718      6.8545     7.00664    0.381949
     2.11786      8.3345     7.46193    0.367651
     2.26392      6.2915     6.58829     0.37623
     2.40998       6.163     5.77557    0.214326
     2.55604       5.485     4.88721    0.337747
      2.7021      3.9535       3.995    0.181728
     2.84816       2.998     2.91336     0.20601
     2.99422       2.482     2.53357    0.165942
     3.14028      2.6325     2.14086    0.135599
     3.28634       2.912     1.88821    0.280683
     3.43239      1.6065       1.307    0.157128
     3.57845      1.3455       0.971     0.11714
     3.72451       0.585    0.694714    0.173565
     3.87057       0.159       0.608      0.1334
     4.01663       0.116    0.551857    0.127082
     4.16269       0.003    0.200857   0.0553197
     4.30875       0.298       0.203   0.0374753
   0.0730297      0.0505   0.0599375    0.030724
    0.219089      0.3875    0.287938   0.0585942
    0.365148      1.4505    0.882813       0.128
    0.511208        1.73     1.98913    0.189726
    0.657267      2.8095     2.89619    0.205694
    0.803326      3.9045     3.91969    0.195281
    0.949386      4.8895     5.02694    0.248278
     1.09545       6.043     6.24819    0.264322
      1.2415       6.238     6.15406    0.171413
     1.38756       8.026       7.035    0.167059
     1.53362       7.124     8.07987    0.379901
     1.67968      5.7905     7.71687    0.373436
     1.82574      5.9475     6.88181    0.275765
      1.9718      6.1435     6.89875    0.349111
     2.11786       7.296     7.44119    0.322279
     2.26392       6.742      6.6075    0.329692
     2.40998        5.21     5.70488    0.198854
     2.55604       6.603     5.10169    0.357192
      2.7021      5.3805     4.16819    0.227001
     2.84816      3.3495     2.96787    0.187333
     2.99422       3.927     2.70775     0.21824
     3.14028       2.226      2.1515    0.119066
     3.28634       2.803     2.00256    0.267879
     3.43239       1.552     1.33763     0.14044
     3.57845      0.7745    0.946437    0.105041
     3.72451        0.54    0.675375    0.152943
     3.87057      0.4455    0.587687    0.118261
     4.01663       0.407     0.53375    0.112479
     4.16269       0.128     0.19175   0.0491487
     4.30875       0.053     0.18425   0.0371868
   0.0730297      0.0245       0.056   0.0275614
    0.219089      0.5915    0.321667   0.0610243
    0.365148      0.8175    0.875556    0.113983
    0.511208         2.2     2.01256    0.170086
    0.657267       3.058     2.91417    0.183623
    0.803326      4.6375     3.99944    0.189171
    0.949386      4.8585     5.00822    0.221395
     1.09545       6.744     6.30328    0.240626
      1.2415      6.3095     6.17133    0.153235
     1.38756      7.2165     7.05517    0.149709
     1.53362      7.4365     8.00839     0.34435
     1.67968      7.6135     7.70539    0.332119
     1.82574       6.261     6.81283    0.253605
      1.9718      5.9455     6.79283    0.325993
     2.11786       6.646     7.35283    0.298336
     2.26392      6.4675     6.59194    0.293426
     2.40998      5.3695     5.66761    0.180216
     2.55604      5.7005     5.16822    0.323641
      2.7021        5.07     4.26839    0.222799
     2.84816       3.358     3.01122     0.17146
     2.99422       1.548     2.57889    0.228895
     3.14028      1.8595     2.11906    0.110169
     3.28634       1.907     1.99194    0.238325
     3.43239      1.3485     1.33883    0.124841
     3.57845      1.0235       0.955   0.0937179
     3.72451       1.301    0.744889    0.150922
     3.87057       0.711    0.601389    0.105912
     4.01663      1.1795      0.6055    0.120716
     4.16269      0.2895    0.202611   0.0448717
     4.30875       0.095    0.174333   0.0343518
   0.0730297      0.1565     0.06605   0.0265745
    0.219089      0.5295     0.34245   0.0583538
    0.365148      0.7835     0.86635    0.102956
    0.511208         1.3      1.9413    0.167339
    0.657267      3.5645      2.9792    0.176402
    0.803326       5.164      4.1159    0.202958
    0.949386       4.011      4.9085    0.220574
     1.09545       4.789     6.15185    0.259879
      1.2415      7.2215     6.27635    0.170133
     1.38756        6.07     6.95665     0.16398
     1.53362       4.938     7.70135    0.425315
     1.67968       8.267     7.76155    0.303619
     1.82574      7.4625      6.8778    0.236419
      1.9718      6.9865      6.8122    0.293968
     2.11786       7.838     7.40135    0.272419
     2.26392       7.741     6.70685    0.285697
     2.40998      6.4445      5.7453    0.178155
     2.55604      3.6725     5.01865    0.324002
      2.7021       3.622     4.20375    0.209686
     2.84816       4.582      3.1683     0.21452
     2.99422       3.004      2.6214    0.209916
     3.14028      2.4045      2.1476    0.102783
     3.28634       2.186     2.01135    0.215281
     3.43239       1.125     1.31745    0.114173
     3.57845      1.3685     0.99635   0.0930221
     3.72451       1.141      0.7845    0.140933
     3.87057        1.02     0.64325    0.103262
     4.01663      0.3155      0.5765    0.112074
     4.16269      0.0235      0.1847   0.0438137
     4.30875       0.024      0.1593   0.0340476
   0.0730297       0.294   0.0867727   0.0312095
    0.219089      0.3915    0.346909    0.053219
    0.365148       0.572    0.839591   0.0970116
    0.511208      1.5345     1.90432    0.156159
    0.657267      2.8515     2.96759    0.160747
    0.803326      3.9345     4.09941    0.185176
    0.949386      4.5295     4.87405    0.203195
     1.09545        5.13     6.05895    0.252311
      1.2415      4.6815     6.13136    0.207441
     1.38756       7.311     6.98886    0.152204
     1.53362      8.0995     7.73755    0.388187
     1.67968      9.7175     7.93936    0.323927
     1.82574      6.6805     6.85986    0.215606
      1.9718      6.5735      6.7905    0.268043
     2.11786      7.4965        7.41    0.247791
     2.26392      6.7995     6.71527    0.259849
     2.40998       6.204       5.787    0.166768
     2.55604      5.0645     5.02282    0.294574
      2.7021        4.77     4.25523    0.196841
     2.84816       3.822     3.22773    0.203083
     2.99422      4.2605     2.77041    0.237912
     3.14028       1.707     2.10755    0.100943
     3.28634       1.661      1.9795    0.198052
     3.43239       0.958     1.28477    0.108369
     3.57845      0.6195    0.962091   0.0906549
     3.72451       0.601    0.767818    0.129104
     3.87057      0.4935    0.629636   0.0947679
     4.01663      0.6365    0.581955    0.102018
     4.16269      0.1995    0.186045   0.0398513
     4.30875      0.0845      0.1525   0.0316241
   0.0730297      0.0015   0.0796667   0.0294065
    0.219089       0.063     0.32325   0.0537866
    0.365148       0.979    0.851208   0.0896202
    0.511208       1.997     1.91204    0.143337
    0.657267      2.9945     2.96983    0.147367
    0.803326      4.0255     4.09325    0.169847
    0.949386      5.2225     4.90308    0.188326
     1.09545       4.828     5.95638    0.251273
      1.2415       8.993     6.36983    0.297132
     1.38756       6.842     6.97662    0.140011
     1.53362      5.9215     7.58621    0.384207
     1.67968       6.851     7.84867     0.30937
     1.82574      7.6625     6.92675    0.207755
      1.9718      6.8885     6.79867    0.245831
     2.11786      8.1095     7.46829    0.233897
     2.26392       6.909     6.73142    0.238696
     2.40998      6.1675     5.81871    0.155856
     2.55604        4.27     4.96008    0.276626
      2.7021       3.874     4.22346    0.182983
     2.84816       2.741     3.18717    0.190167
     2.99422       1.959     2.70279    0.227492
     3.14028        1.72     2.07525   0.0975602
     3.28634      2.4875     2.02183    0.186017
     3.43239       1.799     1.32763    0.107478
     3.57845      1.1865    0.980792   0.0850073
     3.72451      0.9825    0.785708    0.119578
     3.87057       0.738    0.638667   0.0872998
     4.01663       0.497    0.574875   0.0937616
     4.16269      0.1995    0.187167   0.0365461
     4.30875      0.6955     0.19775   0.0521275
   0.0730297      0.0495   0.0773462   0.0272359
    0.219089      0.1625    0.310885   0.0510507
    0.365148       0.468    0.821731   0.0874399
    0.511208       2.003     1.91904    0.132482
    0.657267      2.7975     2.95658    0.136626
    0.803326      3.3085     4.03288    0.167165
    0.949386      4.0805     4.83981    0.184163
     1.09545      5.9375     5.95492    0.231949
      1.2415       7.942     6.49077    0.297872
     1.38756       9.124     7.14181     0.20467
     1.53362      7.2165     7.55777    0.355704
     1.67968      7.4845     7.82065    0.286838
     1.82574       6.313     6.87954    0.197065
      1.9718      6.6045     6.78373    0.227374
     2.11786      7.6885     7.48523    0.216518
     2.26392       5.219     6.61508    0.247065
     2.40998      5.3305     5.78115    0.148322
     2.55604       4.721     4.94169    0.255957
      2.7021       3.826     4.19288    0.171443
     2.84816        3.96     3.24662    0.184597
     2.99422       3.527     2.76619    0.218649
     3.14028       3.603     2.19277    0.144424
     3.28634      2.2635     2.04042    0.172635
     3.43239      1.5965     1.34831    0.101181
     3.57845      1.4295     1.01531   0.0851879
     3.72451      0.4675    0.761231    0.112858
     3.87057       0.302    0.612769   0.0843382
     4.01663      0.4905    0.568385   0.0867735
     4.16269       0.077    0.178692   0.0347035
     4.30875       0.007    0.183077   0.0501403
   0.0730297           0   0.0718214   0.0258447
    0.219089      0.0155    0.289786   0.0515803
    0.365148      0.3825    0.790357     0.08664
    0.511208      1.1545     1.86443    0.133801
    0.657267       1.724     2.86854     0.15262
    0.803326      4.2585       4.049       0.156
    0.949386      5.0595      4.8555    0.171675
     1.09545       4.973     5.88479    0.225736
      1.2415      9.1575     6.68125    0.331958
     1.38756      10.091     7.35246    0.278075
     1.53362        8.09     7.59579    0.332322
     1.67968       6.877     7.75325    0.274154
     1.82574       6.649     6.86307    0.183676
      1.9718       4.904     6.64946    0.247623
     2.11786      7.8675     7.51254    0.202767
     2.26392      5.7545     6.55361    0.236941
     2.40998      5.3165     5.74796    0.141393
     2.55604       3.886     4.86629    0.248534
      2.7021       3.788     4.16396    0.161618
     2.84816       3.902     3.29343    0.177248
     2.99422       4.534     2.89246    0.236701
     3.14028      2.7255     2.23082    0.139031
     3.28634      2.0695      2.0425    0.160316
     3.43239       1.421      1.3535   0.0940865
     3.57845      1.2745     1.03382   0.0810899
     3.72451       0.527      0.7445    0.106029
     3.87057       0.526    0.606571   0.0785415
     4.01663      0.5215    0.565036     0.08064
     4.16269      0.2765    0.185679   0.0329204
     4.30875       0.191    0.183643   0.0465621
   0.0730297           0   0.0670333   0.0245613
    0.219089       0.077      0.2756   0.0500543
    0.365148        0.85    0.794333   0.0809552
    0.511208      1.5255     1.84183    0.126775
    0.657267      2.9175      2.8718     0.14248
    0.803326      3.5565     4.01617    0.149015
    0.949386       4.263       4.816    0.164712
     1.09545      6.3135     5.91337    0.212489
      1.2415      6.3825     6.66133    0.310424
     1.38756       9.657      7.5061    0.298981
     1.53362      7.2255      7.5711    0.311082
     1.67968       7.196      7.7161    0.258382
     1.82574       7.819      6.9268    0.182151
      1.9718       6.617      6.6473    0.231124
     2.11786      6.9815     7.47713    0.192315
     2.26392       5.157      6.4605    0.238739
     2.40998       6.505     5.79843    0.140686
     2.55604      5.2605     4.89257    0.233351
      2.7021      4.1195       4.161    0.150871
     2.84816      2.3145     3.22817    0.177039
     2.99422      3.1205     2.90767    0.221409
     3.14028      2.9755     2.28047    0.138342
     3.28634      2.0585     2.04357    0.149632
     3.43239      1.5185      1.3645   0.0884548
     3.57845      0.7425      1.0144    0.077975
     3.72451       0.564    0.732467   0.0996411
     3.87057      0.6845    0.611767    0.073477
     4.01663      0.9095       0.588   0.0784657
     4.16269      0.2925      0.1928   0.0314865
     4.30875      0.0825      0.1769   0.0439435
   0.0730297       0.005   0.0631562   0.0233302
    0.219089       0.379    0.282062   0.0473413
    0.365148      0.8925    0.800469   0.0761277
    0.511208      1.7065     1.83337    0.119133
    0.657267       2.295     2.83575     0.13806
    0.803326      3.2565     3.96869    0.147071
    0.949386      5.4585     4.85616    0.159237
     1.09545       5.659     5.89747    0.199802
      1.2415      6.8735     6.67459    0.291306
     1.38756       8.575     7.57291    0.287662
     1.53362       7.705     7.57947    0.291752
     1.67968       7.092     7.67709     0.24516
     1.82574       7.627     6.97056    0.175945
      1.9718       8.531     6.76503    0.244835
     2.11786      6.7315     7.43053    0.185856
     2.26392      5.9675     6.42969    0.225797
     2.40998      3.6975     5.66713    0.183194
     2.55604      4.2565     4.85281    0.222127
      2.7021      3.2265     4.10259    0.152328
     2.84816       4.674     3.31853    0.187624
     2.99422      4.0525     2.97922    0.218827
     3.14028       2.603     2.30063    0.131156
     3.28634       2.512     2.07284    0.143115
     3.43239       1.579     1.37791   0.0839361
     3.57845      0.8415     1.00359   0.0738466
     3.72451       0.686    0.729562   0.0934558
     3.87057      0.3275       0.594   0.0710002
     4.01663       0.629    0.590562   0.0736035
     4.16269      0.1455    0.189844   0.0296571
     4.30875       0.015    0.166781    0.042346
   0.0730297       0.018      0.0605   0.0221085
    0.219089      0.2325    0.279147   0.0446462
    0.365148        0.79    0.799853   0.0716521
    0.511208      2.2355     1.85703     0.11445
    0.657267      2.9535     2.84268    0.130113
    0.803326       4.962     4.02712    0.149577
    0.949386      4.5965     4.84088    0.150601
     1.09545       5.791     5.89121    0.188147
      1.2415      6.7505     6.67906    0.274205
     1.38756      6.0725     7.48465    0.283957
     1.53362       7.886      7.5975    0.275147
     1.67968      8.0315     7.69794    0.231624
     1.82574       7.374     6.99429    0.167188
      1.9718      6.7015     6.76129    0.230461
     2.11786       6.368     7.36803    0.185134
     2.26392      6.3985     6.42785    0.212522
     2.40998       5.901     5.68088    0.172933
     2.55604       5.448     4.88782    0.211802
      2.7021      4.6755     4.13629    0.147048
     2.84816       3.187     3.31079    0.176747
     2.99422      2.3995     2.94512    0.208595
     3.14028       2.112     2.28953     0.12391
     3.28634      1.8215     2.05806    0.135458
     3.43239       1.214     1.36826   0.0795505
     3.57845       1.289     1.02038   0.0713856
     3.72451       0.982    0.744412   0.0891303
     3.87057       0.826    0.607647   0.0681226
     4.01663       0.682    0.595941   0.0694701
     4.16269       0.215    0.191324   0.0279494
     4.30875       0.066    0.160853   0.0402679
   0.0730297      0.0125   0.0578333   0.0210405
    0.219089      0.3875    0.285167   0.0425697
    0.365148       1.013    0.811694   0.0686429
    0.511208       3.168     1.92986    0.129203
    0.657267       3.084     2.85608    0.123573
    0.803326       4.194     4.03639    0.141554
    0.949386      5.3885     4.87131    0.145275
     1.09545      5.7725     5.88461     0.17781
      1.2415       6.701     6.68028    0.258974
     1.38756       6.306     7.41917    0.275628
     1.53362       7.184     7.57453    0.260818
     1.67968      7.4785     7.68575    0.219076
     1.82574      6.6495     6.97514    0.158994
      1.9718      5.8245     6.70925    0.223457
     2.11786       6.422     7.31547    0.182156
     2.26392       6.666     6.44108    0.201127
     2.40998       8.191     5.82033     0.21223
     2.55604      4.5955     4.87158    0.200657
      2.7021      3.8985     4.12308    0.139471
     2.84816      2.8245     3.28378     0.16898
     2.99422        2.47     2.91872    0.198669
     3.14028       2.141     2.28128      0.1173
     3.28634       1.511     2.02767    0.131298
     3.43239       0.956     1.34536   0.0783588
     3.57845       2.061     1.07819   0.0877609
     3.72451       1.382    0.779833   0.0909452
     3.87057       0.859    0.621611   0.0657537
     4.01663      0.3615    0.582917   0.0668204
     4.16269       0.386    0.202139   0.0284123
     4.30875      0.0665    0.155611   0.0383704
   0.0730297       0.002   0.0548947   0.0201373
    0.219089      0.3205    0.287026   0.0403698
    0.365148       0.827      0.8125   0.0650348
    0.511208      1.5445     1.90958    0.123985
    0.657267       2.249     2.82413     0.12113
    0.803326       4.174     4.04363    0.134289
    0.949386      4.5795     4.85595    0.138438
     1.09545       7.561     5.97284    0.189079
      1.2415       6.647     6.67853    0.245349
     1.38756      7.7615     7.43718     0.26171
     1.53362      5.9195     7.48742    0.261232
     1.67968      8.4675     7.72689    0.211374
     1.82574      8.0315     7.03074    0.160051
      1.9718      8.5235     6.80474    0.231199
     2.11786       6.496     7.27234    0.177602
     2.26392       6.119     6.42413    0.191254
     2.40998      5.5575      5.8065     0.20151
     2.55604       3.042     4.77529    0.211945
      2.7021       3.071     4.06771    0.142699
     2.84816      2.1965     3.22655    0.169499
     2.99422       3.535     2.95116    0.190843
     3.14028       2.588     2.29742    0.112232
     3.28634       1.742     2.01263    0.125246
     3.43239      2.1025     1.38521   0.0837567
     3.57845      2.0525     1.12947   0.0969729
     3.72451      1.1595    0.799816   0.0883266
     3.87057      0.8495    0.633605   0.0633774
     4.01663       0.375    0.571974   0.0641934
     4.16269       0.301    0.207342   0.0273892
     4.30875        0.19    0.157421   0.0363936
   0.0730297       0.062     0.05525   0.0191335
    0.219089       0.191    0.282225   0.0386358
    0.365148       0.333    0.788525   0.0660546
    0.511208       0.858       1.857    0.128451
    0.657267      2.3655      2.8012    0.117224
    0.803326       3.251       4.004    0.133295
    0.949386      4.0905     4.81768    0.136704
     1.09545      5.5395     5.95118    0.180862
      1.2415      7.4585     6.71752    0.236161
     1.38756       7.677     7.44917    0.248899
     1.53362      8.4415     7.53512    0.252488
     1.67968      10.074     7.84425    0.231098
     1.82574      8.1735     7.08787    0.161927
      1.9718       7.059     6.81745    0.219989
     2.11786       7.146     7.26602    0.168834
     2.26392      5.7685     6.39135     0.18448
     2.40998      5.8315     5.80775    0.191439
     2.55604      4.1765     4.74535    0.203452
      2.7021       4.322     4.08042     0.13613
     2.84816      2.4735      3.1889    0.165153
     2.99422       3.085     2.95785    0.181418
     3.14028      1.5705     2.26108    0.112352
     3.28634      2.7625     2.05013    0.124469
     3.43239       1.692     1.40055   0.0809613
     3.57845      1.0695     1.12648   0.0921706
     3.72451      0.6375      0.7917   0.0842823
     3.87057      0.6265     0.63325   0.0602096
     4.01663      0.1935     0.55305   0.0637119
     4.16269      0.5655     0.22525   0.0313319
     4.30875      0.2065    0.159875   0.0346565
