   0.0128248           0           0
   0.0384745           0           0
   0.0641241           0           0
   0.0897737           0           0
    0.115423           0           0
    0.141073           0           0
    0.166723           0           0
    0.192372           0           0
    0.218022           0           0
    0.243672           0           0
    0.269321           0           0
    0.294971           0           0
     0.32062           0           0
     0.34627           0           0
     0.37192           0           0
    0.397569           0           0
    0.423219           0           0
    0.448869           0           0
    0.474518           0           0
    0.500168           0           0
    0.525818           0           0
    0.551467           0           0
    0.577117           0           0
    0.602767           0           0
    0.628416           0           0
    0.654066           0           0
    0.679715           0           0
    0.705365           0           0
    0.731015           0           0
    0.756664           0           0
    0.782314           0           0
    0.807964           0           0
    0.833613           0           0
    0.859263  1.4265e-05  4.8661e-06
    0.884913  0.00124658 4.69783e-05
    0.910562   0.0242819 0.000274176
    0.936212     0.16468 0.000620281
    0.961861    0.565322  0.00136847
    0.987511     1.20125  0.00187831
     1.01316       1.863  0.00247816
     1.03881     2.33888  0.00188981
     1.06446     2.55212   0.0019983
     1.09011     2.55395  0.00169189
     1.11576     2.40854   0.0020259
     1.14141     2.19884   0.0017906
     1.16706     1.97146  0.00147561
     1.19271     1.75747  0.00152961
     1.21836     1.55725  0.00174492
     1.24401     1.39076  0.00136807
     1.26966     1.24329  0.00139612
     1.29531     1.12185  0.00112058
     1.32096     1.02149  0.00121185
     1.34661    0.939008  0.00104125
     1.37226    0.871465 0.000964672
     1.39791    0.816764 0.000816829
     1.42355    0.771892 0.000879256
      1.4492    0.737808 0.000748554
     1.47485    0.710158  0.00073558
      1.5005    0.690468 0.000748572
     1.52615    0.678092 0.000673562
      1.5518    0.670512  0.00081076
     1.57745    0.671009 0.000835433
      1.6031    0.675879 0.000750284
     1.62875    0.686048 0.000779075
      1.6544    0.702473 0.000715553
     1.68005    0.725049 0.000696495
      1.7057    0.749993 0.000809335
     1.73135    0.781176 0.000904864
       1.757    0.816493 0.000901435
     1.78265    0.854309 0.000787556
      1.8083    0.894774 0.000856507
     1.83395    0.936299 0.000798741
      1.8596    0.978922  0.00089225
     1.88525     1.01854 0.000806611
      1.9109      1.0588 0.000830092
     1.93655     1.09555 0.000850681
      1.9622     1.13147 0.000890527
     1.98785     1.16057 0.000859558
      2.0135     1.18594 0.000745331
     2.03915     1.20515 0.000640717
      2.0648     1.21337 0.000818626
     2.09045     1.21423 0.000892947
      2.1161     1.20842 0.000760282
     2.14174     1.19398 0.000800275
     2.16739     1.17428 0.000840906
     2.19304     1.14871 0.000883606
     2.21869     1.12417 0.000669518
     2.24434      1.0954 0.000843807
     2.26999     1.06523 0.000756576
     2.29564     1.03809 0.000737698
     2.32129     1.01166 0.000708216
     2.34694    0.987097 0.000748768
     2.37259    0.965832 0.000714891
     2.39824    0.946961 0.000656483
     2.42389    0.930754 0.000619334
     2.44954    0.918761 0.000584356
     2.47519    0.907905 0.000576102
     2.50084    0.894832 0.000480465
     2.52649     0.88558 0.000626706
     2.55214    0.885655 0.000558109
