# VELOCITY:        AVE_POFV:        ERROR:
   0.0942809       0.008       0.008           0
    0.282843        0.02        0.02           0
    0.471405       0.048       0.048           0
    0.659966       0.056       0.056           0
    0.848528       0.124       0.124           0
     1.03709       0.216       0.216           0
     1.22565       0.516       0.516           0
     1.41421       0.768       0.768           0
     1.60278       1.172       1.172           0
     1.79134       2.608       2.608           0
      1.9799       6.604       6.604           0
     2.16846      10.284      10.284           0
     2.35702      22.396      22.396           0
     2.54558      42.492      42.492           0
     2.73415      12.932      12.932           0
     2.92271       5.344       5.344           0
     3.11127       1.944       1.944           0
     3.29983       0.364       0.364           0
     3.48839       0.104       0.104           0
     3.67696           0           0           0
     3.86552           0           0           0
     4.05408           0           0           0
     4.24264           0           0           0
      4.4312           0           0           0
     4.61976           0           0           0
     4.80833           0           0           0
     4.99689           0           0           0
     5.18545           0           0           0
     5.37401           0           0           0
     5.56257           0           0           0
   0.0942809           0       0.004  0.00282843
    0.282843       0.392       0.206    0.131522
    0.471405       0.584       0.316    0.189505
    0.659966       1.096       0.576    0.367696
    0.848528       0.952       0.538    0.292742
     1.03709       1.804        1.01    0.561443
     1.22565         2.7       1.608    0.772161
     1.41421       4.504       2.636     1.32088
     1.60278       6.696       3.934     1.95303
     1.79134       9.824       6.216     2.55124
      1.9799      10.884       8.744     1.51321
     2.16846        7.04       8.662     1.14693
     2.35702       7.868      15.132     5.13642
     2.54558      11.768       27.13     10.8626
     2.73415      11.024      11.978     0.67458
     2.92271        8.22       6.782     1.01682
     3.11127         7.2       4.572     1.85828
     3.29983       6.892       3.628       2.308
     3.48839       3.348       1.726     1.14693
     3.67696       1.788       0.894    0.632153
     3.86552       1.924       0.962    0.680237
     4.05408       0.864       0.432     0.30547
     4.24264       0.404       0.202    0.142836
      4.4312        0.08        0.04   0.0282843
     4.61976       0.144       0.072   0.0509117
     4.80833           0           0           0
     4.99689           0           0           0
     5.18545           0           0           0
     5.37401           0           0           0
     5.56257           0           0           0
   0.0942809           0  0.00266667  0.00217732
    0.282843           0    0.137333    0.104074
    0.471405       0.096    0.242667    0.139807
    0.659966         1.4    0.850667     0.33224
    0.848528       3.644     1.57333    0.867582
     1.03709       5.872     2.63067     1.37519
     1.22565       5.688       2.968     1.22395
     1.41421        6.28     3.85067     1.32629
     1.60278       6.832         4.9     1.52229
     1.79134       8.616       7.016     1.82194
      1.9799       9.448     8.97867     1.02684
     2.16846       7.548     8.29067    0.822537
     2.35702       9.132      13.132     3.79373
     2.54558         7.6       20.62     8.98309
     2.73415       6.556     10.1707     1.54269
     2.92271       5.696        6.42    0.739516
     3.11127       8.084     5.74267     1.56473
     3.29983       5.932       4.396     1.66154
     3.48839           3     2.15067    0.839565
     3.67696       2.064       1.284    0.528212
     3.86552       0.772    0.898667     0.45643
     4.05408       1.076    0.646667    0.268688
     4.24264        0.82       0.408    0.193283
      4.4312       0.644    0.241333    0.165466
     4.61976       0.476    0.206667    0.115074
     4.80833       0.412    0.137333    0.112132
     4.99689       0.312       0.104   0.0849156
     5.18545           0           0           0
     5.37401           0           0           0
     5.56257           0           0           0
   0.0942809           0       0.002  0.00173205
    0.282843       0.076       0.122    0.079177
    0.471405       2.084       0.703    0.412219
    0.659966       2.488        1.26    0.433308
    0.848528         2.8        1.88    0.702799
     1.03709        5.44       3.333     1.19738
     1.22565       5.636       3.635     1.08459
     1.41421       5.864       4.354     1.08603
     1.60278       7.124       5.456      1.2391
     1.79134      11.296       8.086     1.65102
      1.9799       8.652       8.897    0.773371
     2.16846       7.924       8.199    0.621989
     2.35702      11.812      12.802     2.85961
     2.54558       5.728      16.897     7.46907
     2.73415       9.864      10.094     1.15892
     2.92271       4.368       5.907    0.710633
     3.11127        4.16       5.347     1.22255
     3.29983        4.82       4.502     1.24953
     3.48839        2.06       2.128    0.629979
     3.67696       1.404       1.314     0.39701
     3.86552         1.5       1.049    0.366244
     4.05408       1.208       0.787    0.235327
     4.24264       0.988       0.553    0.191788
      4.4312         0.6       0.331    0.146392
     4.61976       0.104       0.181   0.0891221
     4.80833           0       0.103   0.0892006
     4.99689           0       0.078     0.06755
     5.18545           0           0           0
     5.37401           0           0           0
     5.56257           0           0           0
   0.0942809       0.096      0.0208   0.0168722
    0.282843       0.536      0.2048   0.0974517
    0.471405        0.46      0.6544    0.332628
    0.659966       1.668      1.3416    0.354247
    0.848528       4.252      2.3544    0.704384
     1.03709       4.264      3.5192    0.972274
     1.22565       5.788      4.0656    0.949305
     1.41421       6.612      4.8056     0.95813
     1.60278      10.828      6.5304     1.38062
     1.79134      11.084      8.6856     1.42555
      1.9799       10.34      9.1856    0.670386
     2.16846       9.716      8.5024    0.566779
     2.35702       6.372      11.516     2.56058
     2.54558        6.56     14.8296     6.25484
     2.73415       7.968      9.6688     1.00211
     2.92271       9.724      6.6704    0.888495
     3.11127       3.612           5     1.02611
     3.29983       1.956      3.9928     1.09849
     3.48839       2.132      2.1288    0.503984
     3.67696       0.744         1.2    0.333574
     3.86552       0.724       0.984    0.298708
     4.05408       2.564      1.1424    0.369445
     4.24264           0      0.4424    0.182556
      4.4312           0      0.2648    0.131231
     4.61976           0      0.1448   0.0783052
     4.80833           0      0.0824   0.0737008
     4.99689           0      0.0624   0.0558123
     5.18545           0           0           0
     5.37401           0           0           0
     5.56257           0           0           0
   0.0942809       0.344   0.0746667    0.051144
    0.282843       0.264    0.214667   0.0817077
    0.471405       1.676    0.824667    0.317794
    0.659966       1.612     1.38667    0.298058
    0.848528       5.424       2.866     0.75011
     1.03709       4.864     3.74333    0.835663
     1.22565       4.828     4.19267    0.799547
     1.41421       7.996     5.33733    0.934412
     1.60278      13.588     7.70667     1.57375
     1.79134       9.172     8.76667     1.19026
      1.9799        8.84       9.128    0.561124
     2.16846       8.012     8.42067    0.478173
     2.35702       6.548      10.688     2.26373
     2.54558       6.892     13.5067     5.35044
     2.73415       8.952     9.54933    0.842179
     2.92271       3.324     6.11267    0.898572
     3.11127        5.02     5.00333    0.855094
     3.29983       3.928       3.982    0.915459
     3.48839       2.772       2.236    0.431237
     3.67696        1.56        1.26    0.283323
     3.86552       1.384     1.05067    0.256255
     4.05408           1     1.11867    0.308632
     4.24264           0    0.368667    0.166355
      4.4312           0    0.220667    0.116544
     4.61976           0    0.120667   0.0688729
     4.80833           0   0.0686667   0.0626838
     4.99689           0       0.052   0.0474693
     5.18545           0           0           0
     5.37401           0           0           0
     5.56257           0           0           0
   0.0942809       0.288    0.105143    0.052133
    0.282843       0.256    0.220571   0.0702482
    0.471405       0.804    0.821714    0.272409
    0.659966        3.18     1.64286    0.348607
    0.848528       4.056       3.036    0.661935
     1.03709       3.952     3.77314    0.716814
     1.22565       5.496     4.37886    0.706672
     1.41421       7.104     5.58971    0.834312
     1.60278      12.324     8.36629     1.48072
     1.79134       9.032     8.80457     1.02082
      1.9799       8.704     9.06743    0.484222
     2.16846      11.616     8.87714    0.588719
     2.35702       9.072     10.4571     1.95208
     2.54558       8.652     12.8131     4.63082
     2.73415       8.624     9.41714    0.732169
     2.92271       3.716     5.77029    0.832883
     3.11127       3.224     4.74914    0.769792
     3.29983       2.172     3.72343    0.820384
     3.48839       2.336     2.25029    0.369868
     3.67696       0.696     1.17943    0.254047
     3.86552       1.696     1.14286    0.235647
     4.05408           1     1.10171    0.265007
     4.24264           0       0.316    0.150697
      4.4312           0    0.189143    0.104071
     4.61976           0    0.103429   0.0611532
     4.80833           0   0.0588571   0.0544911
     4.99689           0   0.0445714   0.0412651
     5.18545           0           0           0
     5.37401           0           0           0
     5.56257           0           0           0
   0.0942809       0.028      0.0955   0.0464997
    0.282843       2.304       0.481    0.251244
    0.471405       0.852      0.8255    0.238384
    0.659966       2.464      1.7455    0.319785
    0.848528       2.784      3.0045    0.579942
     1.03709       6.164       4.072    0.686692
     1.22565       5.024      4.4595    0.622923
     1.41421       6.684      5.7265    0.741151
     1.60278      14.216      9.0975      1.4651
     1.79134       7.268      8.6125    0.911112
      1.9799       8.416       8.986    0.430486
     2.16846       10.36      9.0625    0.543526
     2.35702      10.384      10.448     1.70809
     2.54558       8.928     12.3275     4.07735
     2.73415      10.248       9.521    0.647972
     2.92271       3.672       5.508    0.768963
     3.11127       1.936      4.3975    0.749593
     3.29983       1.052      3.3895    0.782852
     3.48839       2.272       2.253    0.323645
     3.67696       0.148      1.0505    0.252899
     3.86552       1.552       1.194    0.211668
     4.05408       1.244      1.1195    0.232477
     4.24264           0      0.2765    0.136939
      4.4312           0      0.1655   0.0937095
     4.61976           0      0.0905   0.0548586
     4.80833           0      0.0515   0.0481738
     4.99689           0       0.039   0.0364812
     5.18545           0           0           0
     5.37401           0           0           0
     5.56257           0           0           0
   0.0942809           0   0.0848889   0.0425265
    0.282843       0.508       0.484    0.223346
    0.471405       1.668    0.919111    0.229542
    0.659966        4.12     2.00933    0.377722
    0.848528       3.564     3.06667    0.518826
     1.03709           6     4.28622     0.64294
     1.22565       8.348     4.89156    0.687404
     1.41421         8.8       6.068    0.733269
     1.60278      10.948     9.30311     1.31666
     1.79134        7.44     8.48222    0.819138
      1.9799       5.944       8.648    0.497971
     2.16846      12.432     9.43689    0.598341
     2.35702       7.796     10.1533     1.54351
     2.54558        8.06     11.8533     3.65178
     2.73415        8.92     9.45422    0.579406
     2.92271       3.488     5.28356    0.715529
     3.11127       3.016       4.244    0.681841
     3.29983       2.732     3.31644    0.699269
     3.48839       1.108     2.12578    0.311688
     3.67696       0.132    0.948444    0.244526
     3.86552       0.564       1.124    0.199389
     4.05408        0.92     1.09733    0.207701
     4.24264       0.224    0.270667    0.121848
      4.4312       0.364    0.187556   0.0858536
     4.61976       0.636    0.151111   0.0751224
     4.80833       0.268   0.0755556   0.0484564
     4.99689           0   0.0346667    0.032684
     5.18545           0           0           0
     5.37401           0           0           0
     5.56257           0           0           0
   0.0942809        0.14      0.0904   0.0386293
    0.282843        0.66      0.5016    0.201703
    0.471405       1.076      0.9348    0.207124
    0.659966       5.896       2.398    0.501519
    0.848528       4.312      3.1912    0.481657
     1.03709        4.32      4.2896    0.578655
     1.22565       8.348      5.2372    0.700191
     1.41421       9.372      6.3984    0.730597
     1.60278       8.136      9.1864     1.19015
     1.79134       9.108      8.5448    0.739611
      1.9799       11.28      8.9112    0.513036
     2.16846       13.16      9.8092    0.644006
     2.35702       7.108      9.8488     1.41888
     2.54558       5.612     11.2292     3.33951
     2.73415        7.38      9.2468    0.557357
     2.92271       1.724      4.9276    0.727144
     3.11127       2.884       4.108    0.627073
     3.29983       2.228      3.2076    0.637757
     3.48839       1.128       2.026    0.296059
     3.67696       0.128      0.8664    0.233432
     3.86552        0.42      1.0536    0.191475
     4.05408       0.684       1.056    0.190999
     4.24264       0.788      0.3224    0.120144
      4.4312       1.052       0.274    0.112675
     4.61976       1.056      0.2416    0.109273
     4.80833           0       0.068   0.0441959
     4.99689           0      0.0312   0.0295989
     5.18545           0           0           0
     5.37401           0           0           0
     5.56257           0           0           0
   0.0942809        0.34    0.113091    0.041247
    0.282843       1.036    0.550182    0.189127
    0.471405       0.884    0.930182    0.188346
    0.659966       3.516     2.49964    0.466111
    0.848528       5.332     3.38582    0.475566
     1.03709       6.072     4.45164    0.548268
     1.22565       9.552     5.62945    0.738279
     1.41421       8.872     6.62327    0.697928
     1.60278       7.236     9.00909     1.09508
     1.79134      10.276     8.70218    0.688915
      1.9799       11.54     9.15018    0.519082
     2.16846       9.268        9.76    0.587336
     2.35702       9.112     9.78182     1.29147
     2.54558       5.888     10.7436     3.07102
     2.73415       6.848     9.02873    0.547691
     2.92271       2.476     4.70473    0.694356
     3.11127       3.424     4.04582    0.573141
     3.29983       0.432     2.95527    0.627714
     3.48839        1.48     1.97636    0.273274
     3.67696       0.416    0.825455    0.215772
     3.86552           1     1.04873     0.17413
     4.05408         0.8     1.03273    0.175048
     4.24264         0.2    0.311273    0.109736
      4.4312           1        0.34    0.120218
     4.61976           1    0.310545     0.11912
     4.80833           0   0.0618182   0.0406081
     4.99689           0   0.0283636   0.0270437
     5.18545           0           0           0
     5.37401           0           0           0
     5.56257           0           0           0
   0.0942809        0.32    0.130333   0.0412565
    0.282843        0.74       0.566    0.174026
    0.471405       0.696    0.910667    0.173658
    0.659966       3.292     2.56567     0.43192
    0.848528       6.236     3.62333    0.491683
     1.03709         5.4     4.53067    0.508243
     1.22565      10.064       5.999    0.763664
     1.41421       7.412       6.689    0.642855
     1.60278      13.044     9.34533     1.05419
     1.79134       9.652     8.78133    0.636036
      1.9799       6.028        8.89    0.537088
     2.16846        9.76        9.76    0.538392
     2.35702      11.008       9.884     1.18789
     2.54558       4.536     10.2263     2.85834
     2.73415       4.856       8.681    0.602406
     2.92271       5.928     4.80667    0.643933
     3.11127       3.036     3.96167    0.531521
     3.29983       0.812     2.77667    0.600277
     3.48839         0.9     1.88667    0.264813
     3.67696        0.28        0.78    0.202522
     3.86552       1.168     1.05867    0.159903
     4.05408       0.676       1.003    0.162965
     4.24264       0.156    0.298333    0.101351
      4.4312           1       0.395    0.122135
     4.61976           1       0.368    0.122267
     4.80833           0   0.0566667   0.0375495
     4.99689           0       0.026   0.0248931
     5.18545           0           0           0
     5.37401           0           0           0
     5.56257           0           0           0
   0.0942809           0    0.120308   0.0392822
    0.282843           0    0.522462    0.165997
    0.471405       0.508    0.879692    0.163039
    0.659966       5.016     2.75415    0.437896
    0.848528        5.66        3.78     0.47817
     1.03709        4.52     4.52985    0.469148
     1.22565       9.072     6.23538    0.740602
     1.41421      11.248     7.03969    0.682388
     1.60278      13.252     9.64585     1.01502
     1.79134       9.356     8.82554    0.588644
      1.9799         8.6     8.86769    0.496236
     2.16846       8.284     9.64646    0.508808
     2.35702       7.472     9.69846     1.11091
     2.54558       4.584     9.79231     2.67121
     2.73415       4.908     8.39077    0.622065
     2.92271       5.708       4.876     0.59812
     3.11127       3.404     3.91877    0.492363
     3.29983        0.68     2.61538     0.57536
     3.48839        0.64     1.79077     0.26123
     3.67696       0.544    0.761846    0.187755
     3.86552       2.216     1.14769    0.170594
     4.05408       0.328    0.951077    0.158485
     4.24264           0    0.275385   0.0961181
      4.4312       0.208    0.380615    0.113584
     4.61976         1.4    0.447385    0.136216
     4.80833       0.392   0.0824615   0.0426096
     4.99689           0       0.024   0.0230585
     5.18545           0           0           0
     5.37401           0           0           0
     5.56257           0           0           0
   0.0942809           0    0.111714   0.0374045
    0.282843        0.04       0.488    0.157676
    0.471405       1.536    0.926571    0.157989
    0.659966       2.144     2.71057    0.408781
    0.848528       6.384       3.966    0.478826
     1.03709       6.416     4.66457     0.45457
     1.22565      13.192     6.73229    0.837979
     1.41421      14.156       7.548    0.800893
     1.60278       8.772     9.58343     0.94444
     1.79134        8.08     8.77229    0.549002
      1.9799       8.076     8.81114    0.464002
     2.16846       6.688     9.43514    0.514479
     2.35702       6.484     9.46886     1.05502
     2.54558       4.992     9.44943     2.50232
     2.73415       6.264     8.23886    0.595892
     2.92271        3.24     4.75914    0.566698
     3.11127       4.716     3.97571    0.460476
     3.29983        0.82     2.48714    0.548369
     3.48839       0.392     1.69086    0.260979
     3.67696        1.82    0.837429    0.188946
     3.86552       1.744     1.19029     0.16364
     4.05408        0.04       0.886    0.159969
     4.24264       0.004       0.256   0.0911863
      4.4312       0.332    0.377143    0.105524
     4.61976         1.5    0.522571    0.145767
     4.80833       0.168   0.0885714   0.0400017
     4.99689           0   0.0222857   0.0214751
     5.18545           0           0           0
     5.37401           0           0           0
     5.56257           0           0           0
   0.0942809           0    0.104267   0.0356446
    0.282843       0.552    0.492267    0.147222
    0.471405       1.204    0.945067    0.148535
    0.659966       4.796      2.8496     0.40448
    0.848528       5.424      4.0632    0.456663
     1.03709        6.32     4.77493    0.437458
     1.22565       10.64      6.9928    0.821611
     1.41421      14.872     8.03627    0.883893
     1.60278       8.428      9.5064    0.884613
     1.79134      10.788     8.90667    0.528592
      1.9799       6.712      8.6712    0.453681
     2.16846       5.436     9.16853    0.544899
     2.35702       9.352     9.46107    0.984711
     2.54558       6.204     9.23307     2.34484
     2.73415       2.784      7.8752    0.657838
     2.92271       3.312     4.66267    0.537068
     3.11127       3.224      3.9256    0.432496
     3.29983        1.62     2.42933    0.514849
     3.48839       0.688       1.624    0.251998
     3.67696       1.388    0.874133    0.179879
     3.86552        1.14     1.18693    0.152765
     4.05408       0.052      0.8304    0.158673
     4.24264       0.868      0.2968   0.0937918
      4.4312       1.196    0.431733    0.111721
     4.61976           1      0.5544    0.139481
     4.80833           0   0.0826667   0.0377683
     4.99689           0      0.0208   0.0200947
     5.18545           0           0           0
     5.37401           0           0           0
     5.56257           0           0           0
   0.0942809        0.48     0.12775   0.0404189
    0.282843       1.036     0.52625    0.141889
    0.471405       3.172     1.08425    0.193784
    0.659966       4.228     2.93575    0.388267
    0.848528       4.432     4.08625    0.428703
     1.03709       5.276     4.80625    0.411236
     1.22565      13.032     7.37025    0.852564
     1.41421      13.864      8.4005    0.900574
     1.60278      10.752     9.58425    0.832743
     1.79134       9.916     8.96975    0.499305
      1.9799       6.264     8.52075    0.449581
     2.16846       7.984      9.0945    0.515848
     2.35702        6.44     9.27225    0.941095
     2.54558       3.436     8.87075      2.2261
     2.73415       3.116     7.57775    0.680657
     2.92271        3.26       4.575    0.510606
     3.11127         1.3      3.7615    0.435485
     3.29983       1.836     2.39225    0.484005
     3.48839       1.624       1.624    0.236249
     3.67696       0.984       0.881    0.168768
     3.86552       1.464     1.20425    0.144195
     4.05408        0.74     0.82475    0.148856
     4.24264       1.364      0.3635    0.109099
      4.4312        0.44     0.43225    0.104739
     4.61976        1.56     0.61725     0.14423
     4.80833           0      0.0775   0.0357594
     4.99689           0      0.0195   0.0188808
     5.18545           0           0           0
     5.37401           0           0           0
     5.56257           0           0           0
   0.0942809       0.188    0.131294   0.0381963
    0.282843       1.488    0.582824    0.144381
    0.471405       4.128     1.26329    0.251864
    0.659966       2.024     2.88212    0.369113
    0.848528       6.144     4.20729    0.420226
     1.03709       7.348     4.95576    0.413333
     1.22565        14.2       7.772    0.892063
     1.41421      11.912     8.60706    0.870966
     1.60278       7.928     9.48682    0.789437
     1.79134       8.292     8.92988    0.471523
      1.9799       4.864     8.30565    0.471795
     2.16846       7.924     9.02565    0.490077
     2.35702         8.8     9.24447    0.886146
     2.54558        4.92     8.63835     2.10725
     2.73415       3.632     7.34565     0.67904
     2.92271         3.5     4.51176     0.48447
     3.11127       2.256     3.67294    0.418776
     3.29983       0.956     2.30776    0.462849
     3.48839       2.252     1.66094    0.225221
     3.67696       0.264    0.844706    0.162696
     3.86552       1.124     1.19953    0.135791
     4.05408       0.128    0.783765    0.145633
     4.24264        1.36    0.422118    0.117377
      4.4312       0.368    0.428471   0.0986463
     4.61976           2    0.698588    0.157015
     4.80833           0   0.0729412   0.0339453
     4.99689           0   0.0183529    0.017805
     5.18545           0           0           0
     5.37401           0           0           0
     5.56257           0           0           0
   0.0942809        0.06    0.127333   0.0362791
    0.282843       0.472    0.576667    0.136491
    0.471405       1.516     1.27733    0.238262
    0.659966       4.028     2.94578    0.354054
    0.848528       7.096     4.36778    0.426425
     1.03709       6.324     5.03178    0.397298
     1.22565      10.916     7.94667    0.859433
     1.41421       12.94     8.84778    0.855197
     1.60278       9.012     9.46044     0.74602
     1.79134       9.904       8.984    0.448422
      1.9799       5.704     8.16111    0.467199
     2.16846       6.924     8.90889    0.476556
     2.35702       8.292     9.19156    0.838494
     2.54558       6.616       8.526     1.99317
     2.73415       4.092     7.16489    0.664939
     2.92271       3.628     4.46267    0.460036
     3.11127       4.264     3.70578    0.396796
     3.29983       0.688     2.21778    0.445797
     3.48839       0.896     1.61844    0.216681
     3.67696       0.628    0.832667    0.154102
     3.86552       0.372     1.15356    0.135806
     4.05408       0.628    0.775111    0.137799
     4.24264           1    0.454222    0.115163
      4.4312           0    0.404667    0.095995
     4.61976           2    0.770889    0.164096
     4.80833           0   0.0688889   0.0323004
     4.99689           0   0.0173333    0.016845
     5.18545           0           0           0
     5.37401           0           0           0
     5.56257           0           0           0
   0.0942809           0    0.120632   0.0349832
    0.282843       1.188    0.608842    0.133046
    0.471405       1.684     1.29874    0.226682
    0.659966       3.744     2.98779    0.337903
    0.848528       5.528     4.42884     0.40833
     1.03709       6.936       5.132    0.388823
     1.22565      12.064     8.16337    0.841077
     1.41421      11.564     8.99074    0.822049
     1.60278       7.948     9.38084     0.71099
     1.79134       9.296     9.00042    0.425122
      1.9799        8.92     8.20105    0.444314
     2.16846       8.208       8.872      0.4529
     2.35702      10.108     9.23979    0.795749
     2.54558       4.836     8.33179     1.89771
     2.73415       2.468     6.91768     0.67433
     2.92271       3.496     4.41179    0.438628
     3.11127       2.584     3.64674    0.380279
     3.29983       3.196     2.26926    0.425296
     3.48839       0.352     1.55179    0.215285
     3.67696       0.024    0.790105    0.151755
     3.86552       0.016     1.09368    0.141241
     4.05408       1.012    0.787579    0.131109
     4.24264        1.02       0.484    0.112886
      4.4312        0.02    0.384421   0.0930531
     4.61976       0.928    0.779158    0.155668
     4.80833        0.86    0.110526    0.050782
     4.99689           0   0.0164211   0.0159831
     5.18545           0           0           0
     5.37401           0           0           0
     5.56257           0           0           0
   0.0942809       0.584      0.1438   0.0401801
    0.282843       0.964      0.6266    0.127573
    0.471405       0.732      1.2704    0.217111
    0.659966        2.08      2.9424    0.324042
    0.848528       7.848      4.5998    0.422188
     1.03709       7.148      5.2328    0.382224
     1.22565      11.024      8.3064    0.811093
     1.41421      11.524      9.1174    0.790645
     1.60278       7.292      9.2764    0.683068
     1.79134       11.84      9.1424    0.426916
      1.9799       8.132      8.1976    0.422112
     2.16846       9.396      8.8982    0.431012
     2.35702       9.612      9.2584    0.756179
     2.54558       3.288      8.0796      1.8195
     2.73415       3.356      6.7396    0.663712
     2.92271        2.74      4.3282    0.424587
     3.11127        2.08      3.5684    0.369246
     3.29983       3.796      2.3456    0.410825
     3.48839       1.416       1.545    0.204628
     3.67696       0.608       0.781     0.14444
     3.86552        0.04       1.041    0.143669
     4.05408       0.264      0.7614    0.127141
     4.24264       1.164       0.518    0.112245
      4.4312       0.852      0.4078   0.0912901
     4.61976        0.22      0.7512    0.150374
     4.80833           0       0.105   0.0485427
     4.99689           0      0.0156    0.015205
     5.18545           0           0           0
     5.37401           0           0           0
     5.56257           0           0           0
