#     BLOCK:  ACTUAL_PE:     PE_AVE:      ERROR:
           1    -1.43701    -1.43701           0
           2    -1.54442    -1.49072   0.0379758
           3    -1.36484    -1.44876   0.0425988
           4    -1.09483    -1.36028   0.0830206
           5   -0.925292    -1.27328    0.102303
           6   -0.846816     -1.2022    0.107135
           7   -0.793202    -1.14377    0.106579
           8   -0.711832    -1.08978    0.106054
           9   -0.697098    -1.04615    0.102855
          10   -0.651455    -1.00668   0.0998556
          11   -0.619306   -0.971464   0.0967886
          12     -0.6056   -0.940975   0.0934015
          13   -0.594841    -0.91435   0.0899318
          14   -0.569107    -0.88969   0.0868233
          15   -0.540193    -0.86639   0.0841033
          16   -0.510813   -0.844166   0.0817304
          17   -0.515533   -0.824835   0.0791759
          18   -0.538618   -0.808934   0.0763572
          19   -0.496825   -0.792507   0.0740843
          20   -0.462645   -0.776014   0.0721926
          21   -0.440858   -0.760054    0.070497
          22   -0.417884   -0.744501   0.0689869
          23   -0.395977   -0.729348   0.0676312
          24    -0.41059   -0.716066   0.0661046
          25    -0.41016    -0.70383   0.0645829
          26    -0.42851   -0.693241   0.0629611
          27    -0.43799   -0.683787   0.0613349
          28   -0.432277   -0.674805   0.0597985
          29    -0.41629    -0.66589   0.0583971
          30   -0.402411   -0.657108   0.0571071
          31   -0.393724   -0.648611   0.0558934
          32   -0.377963   -0.640154   0.0547829
          33   -0.397271   -0.632794    0.053615
          34   -0.455819   -0.627588   0.0522901
          35   -0.493066   -0.623745   0.0509372
          36   -0.453476   -0.619015   0.0497413
          37   -0.429624   -0.613897   0.0486596
          38   -0.425578   -0.608941   0.0476308
          39    -0.40742   -0.603774    0.046689
          40   -0.391088   -0.598456   0.0458235
          41   -0.400935   -0.593639   0.0449584
          42    -0.38425   -0.588653   0.0441635
          43   -0.371592   -0.583605    0.043424
          44   -0.361714   -0.578562   0.0427289
          45   -0.377305    -0.57409   0.0420128
          46   -0.385879   -0.569999   0.0412982
          47   -0.368623   -0.565714   0.0406412
          48   -0.327062   -0.560742   0.0400975
          49   -0.335653   -0.556148   0.0395414
          50   -0.367395   -0.552373   0.0389304
          51   -0.358976   -0.548581   0.0383513
          52   -0.340649   -0.544583   0.0378216
          53   -0.368714   -0.541264   0.0372533
          54   -0.391118   -0.538484    0.036667
          55   -0.388508   -0.535757   0.0361016
          56   -0.412351   -0.533553   0.0355241
          57   -0.398917   -0.531191   0.0349793
          58   -0.400668   -0.528941   0.0344486
          59   -0.416225    -0.52703   0.0339176
          60   -0.426341   -0.525352   0.0333938
          61   -0.430042    -0.52379   0.0328829
          62    -0.41047   -0.521962   0.0324033
          63   -0.394284   -0.519935   0.0319523
          64   -0.393597   -0.517961   0.0315139
          65   -0.403805   -0.516205    0.031078
          66   -0.429571   -0.514892   0.0306348
          67   -0.408731   -0.513308   0.0302185
          68   -0.396332   -0.511588   0.0298231
          69   -0.403636   -0.510023   0.0294319
          70   -0.365158   -0.507954   0.0290841
          71   -0.358116   -0.505843   0.0287509
          72   -0.391505   -0.504255   0.0283954
          73   -0.411267   -0.502981    0.028035
          74   -0.385899   -0.501399   0.0277008
          75   -0.344648   -0.499309   0.0274101
          76   -0.344908   -0.497278   0.0271247
          77   -0.347105   -0.495327   0.0268424
          78   -0.340368   -0.493341   0.0265717
          79   -0.347136    -0.49149   0.0262997
          80   -0.360825   -0.489857   0.0260216
          81   -0.332943   -0.487919   0.0257724
          82   -0.359812   -0.486357   0.0255054
          83   -0.374291   -0.485007   0.0252338
          84   -0.366399   -0.483595   0.0249729
          85     -0.3514    -0.48204   0.0247275
          86   -0.321351   -0.480171   0.0245104
          87   -0.342926   -0.478594   0.0242794
          88   -0.351275   -0.477147   0.0240466
          89   -0.336878   -0.475571    0.023828
          90   -0.319727   -0.473839   0.0236261
          91   -0.315867   -0.472103   0.0234301
          92   -0.324917   -0.470503     0.02323
          93   -0.365898   -0.469379   0.0230074
          94   -0.389656   -0.468531   0.0227783
          95   -0.382274   -0.467623   0.0225566
          96   -0.358256   -0.466483   0.0223504
          97   -0.377939   -0.465571   0.0221386
          98   -0.400503   -0.464907   0.0219227
          99   -0.387721   -0.464127   0.0217151
         100   -0.400011   -0.463486   0.0215074
         101   -0.412201   -0.462978   0.0213005
         102   -0.388794   -0.462251    0.021104
         103   -0.393411   -0.461582   0.0209097
         104    -0.40107   -0.461001   0.0207168
         105   -0.398004   -0.460401   0.0205282
         106   -0.397446   -0.459807   0.0203431
         107   -0.364438   -0.458915   0.0201725
         108   -0.322282    -0.45765   0.0200253
         109   -0.313523   -0.456328   0.0198852
         110   -0.346335   -0.455328   0.0197296
         111   -0.377589   -0.454628   0.0195642
         112   -0.377225   -0.453937   0.0194018
         113   -0.361572   -0.453119   0.0192473
         114   -0.331639   -0.452054   0.0191079
         115   -0.335601   -0.451041   0.0189686
         116   -0.371741   -0.450357   0.0188174
         117   -0.376035   -0.449722   0.0186673
         118   -0.391163   -0.449226   0.0185157
         119   -0.400592   -0.448817   0.0183646
         120    -0.40637   -0.448463   0.0182149
         121   -0.385818   -0.447946   0.0180718
         122   -0.406686   -0.447607   0.0179268
         123   -0.411636   -0.447315   0.0177834
         124   -0.437019   -0.447232   0.0176402
         125   -0.460444   -0.447338   0.0174994
         126   -0.400562   -0.446966   0.0173645
         127   -0.341216   -0.446134   0.0172477
         128   -0.332009   -0.445242    0.017136
         129   -0.336918   -0.444402   0.0170237
         130   -0.341966   -0.443614    0.016911
         131   -0.337038   -0.442801   0.0168014
         132   -0.347996   -0.442083   0.0166895
         133   -0.360256   -0.441467   0.0165753
         134    -0.37726   -0.440988   0.0164586
         135     -0.3892   -0.440605   0.0163411
         136   -0.391407   -0.440243    0.016225
         137   -0.399368   -0.439945   0.0161093
         138    -0.39512    -0.43962   0.0159958
         139   -0.360452    -0.43905   0.0158909
         140   -0.338265    -0.43833   0.0157937
         141     -0.3655   -0.437814   0.0156901
         142   -0.361845   -0.437279   0.0155887
         143   -0.297018   -0.436298   0.0155106
         144   -0.302716    -0.43537   0.0154306
         145   -0.341479   -0.434723   0.0153377
         146   -0.372049   -0.434294   0.0152387
         147   -0.381359   -0.433933   0.0151393
         148   -0.345177   -0.433334   0.0150488
         149   -0.340629   -0.432712   0.0149607
         150   -0.346351   -0.432136    0.014872
         151   -0.330753   -0.431464   0.0147887
         152   -0.348591   -0.430919   0.0147014
         153   -0.387937   -0.430638    0.014608
         154    -0.38871   -0.430366   0.0145157
         155     -0.4105   -0.430238   0.0144226
         156   -0.392961   -0.429999   0.0143322
         157   -0.363276   -0.429574   0.0142472
         158   -0.404633   -0.429416   0.0141579
         159   -0.404119   -0.429257   0.0140697
         160   -0.385818   -0.428985   0.0139844
         161   -0.373981   -0.428644   0.0139017
         162   -0.376279   -0.428321   0.0138197
         163   -0.355222   -0.427872   0.0137422
         164   -0.365431   -0.427491   0.0136636
         165   -0.367049   -0.427125   0.0135857
         166   -0.374402   -0.426807   0.0135076
         167   -0.364708   -0.426436   0.0134318
         168   -0.374162   -0.426124   0.0133555
         169    -0.40563   -0.426003    0.013277
         170   -0.380633   -0.425736   0.0132016
         171   -0.341112   -0.425241   0.0131337
         172   -0.347945   -0.424792    0.013065
         173    -0.39076   -0.424595    0.012991
         174   -0.352711   -0.424182   0.0129229
         175   -0.346511   -0.423738   0.0128566
         176   -0.364254     -0.4234    0.012788
         177   -0.380607   -0.423159   0.0127181
         178   -0.381279   -0.422923   0.0126488
         179   -0.334281   -0.422428   0.0125878
         180   -0.317861   -0.421847   0.0125313
         181   -0.306886   -0.421212   0.0124781
         182   -0.314587   -0.420626   0.0124233
         183   -0.303727   -0.419987   0.0123719
         184   -0.284383    -0.41925   0.0123265
         185   -0.284741   -0.418523   0.0122813
         186   -0.313416   -0.417958   0.0122283
         187   -0.343977   -0.417563   0.0121693
         188   -0.352579   -0.417217   0.0121095
         189   -0.376933   -0.417004   0.0120473
         190    -0.35874   -0.416697   0.0119878
         191   -0.355291   -0.416376   0.0119293
         192   -0.353176   -0.416046   0.0118717
         193   -0.336793   -0.415636   0.0118173
         194   -0.341828   -0.415255   0.0117625
         195   -0.343673   -0.414888   0.0117079
         196   -0.349759   -0.414556   0.0116529
         197   -0.343568   -0.414196   0.0115993
         198   -0.333522   -0.413788   0.0115479
         199   -0.375962   -0.413598   0.0114914
         200   -0.382772   -0.413444    0.011435
