#     BLOCK:   ACTUAL_T:     T_AVE:       ERROR:
           1     2.05449     2.05449           0
           2     1.88206     1.96827   0.0609634
           3     1.65353     1.86336   0.0948141
           4     1.56521     1.78882   0.0960393
           5     1.51349     1.73376   0.0912626
           6     1.47251     1.69021   0.0858127
           7     1.45229     1.65623   0.0800022
           8     1.41471     1.62604   0.0754834
           9     1.41572     1.60267   0.0706212
          10     1.38429     1.58083   0.0668501
          11     1.35073     1.55991   0.0639619
          12     1.33315     1.54101   0.0613597
          13     1.34389     1.52585   0.0584835
          14      1.3543      1.5136    0.055575
          15     1.33727     1.50184   0.0530986
          16     1.32157     1.49057   0.0509613
          17      1.3484     1.48221    0.048645
          18     1.37995     1.47653    0.046273
          19     1.34935     1.46984   0.0443191
          20     1.33049     1.46287   0.0426473
          21     1.32614     1.45636   0.0411105
          22     1.30877     1.44965   0.0397854
          23     1.31877     1.44396   0.0384604
          24     1.29641     1.43781    0.037346
          25     1.29872     1.43225   0.0362642
          26      1.2976     1.42707   0.0352373
          27     1.31761     1.42302   0.0341646
          28      1.3313     1.41974   0.0331011
          29     1.33097     1.41668   0.0321009
          30     1.34529      1.4143    0.031119
          31     1.34454     1.41205   0.0301964
          32     1.32702     1.40939   0.0293694
          33     1.34212     1.40735   0.0285501
          34     1.33273     1.40516   0.0277946
          35     1.32052     1.40274   0.0271055
          36     1.31397     1.40027   0.0264645
          37        1.33     1.39837   0.0258173
          38     1.29407     1.39563   0.0252834
          39     1.29338     1.39301   0.0247706
          40     1.30031     1.39069   0.0242596
          41     1.29525     1.38836   0.0237793
          42     1.31128     1.38653   0.0232838
          43      1.2887     1.38425   0.0228532
          44     1.29577     1.38224   0.0224221
          45     1.28328     1.38004   0.0220314
          46     1.27791     1.37782   0.0216641
          47     1.31614     1.37651   0.0212429
          48     1.31125     1.37515   0.0208438
          49     1.32373      1.3741   0.0204448
          50     1.32689     1.37316   0.0200577
          51     1.33136     1.37234   0.0196811
          52      1.3291     1.37151   0.0193202
          53      1.3296     1.37071   0.0189718
          54     1.29333     1.36928   0.0186745
          55     1.28433     1.36774   0.0183988
          56     1.31591     1.36681   0.0180935
          57     1.29547     1.36556   0.0178193
          58     1.30004     1.36443   0.0175478
          59        1.32     1.36368   0.0172666
          60     1.33327     1.36317   0.0169862
          61     1.32844      1.3626   0.0167173
          62     1.34721     1.36235   0.0164495
          63     1.35148     1.36218   0.0161893
          64     1.28888     1.36104   0.0159768
          65     1.29073     1.35995   0.0157676
          66      1.2927     1.35893   0.0155616
          67     1.31016     1.35821   0.0153463
          68     1.32446     1.35771   0.0151287
          69     1.32916      1.3573   0.0149151
          70     1.29732     1.35644   0.0147266
          71     1.30682     1.35574   0.0145357
          72     1.26438     1.35447   0.0143891
          73     1.30214     1.35376   0.0142099
          74      1.3067     1.35312   0.0140321
          75     1.29337     1.35232   0.0138676
          76     1.29076     1.35151   0.0137087
          77     1.32319     1.35114   0.0135356
          78     1.33221      1.3509   0.0133643
          79     1.32011     1.35051   0.0132008
          80     1.32762     1.35023   0.0130389
          81     1.31437     1.34978   0.0128854
          82     1.30454     1.34923   0.0127401
          83     1.31148     1.34878   0.0125947
          84     1.31055     1.34832    0.012453
          85     1.32643     1.34806   0.0123092
          86     1.29389     1.34743   0.0121821
          87     1.31217     1.34703   0.0120488
          88     1.30104     1.34651   0.0119233
          89     1.31823     1.34619   0.0117935
          90     1.28179     1.34547   0.0116842
          91      1.2715     1.34466    0.011584
          92     1.26039     1.34374   0.0114943
          93     1.26377     1.34288   0.0114028
          94     1.29657     1.34239   0.0112921
          95     1.30958     1.34205   0.0111785
          96     1.30049     1.34161   0.0110705
          97     1.29057     1.34109   0.0109688
          98     1.29552     1.34062   0.0108668
          99     1.29007     1.34011    0.010769
         100     1.31729     1.33988   0.0106637
         101     1.27815     1.33927   0.0105756
         102     1.29499     1.33884   0.0104809
         103     1.30058     1.33847   0.0103857
         104     1.34428     1.33852    0.010286
         105     1.32086     1.33835   0.0101894
         106     1.29627     1.33796    0.010101
         107     1.28188     1.33743   0.0100202
         108     1.30267     1.33711  0.00993257
         109     1.34138     1.33715  0.00984153
         110     1.34981     1.33727  0.00975273
         111     1.35449     1.33742   0.0096661
         112     1.32115     1.33728  0.00958089
         113     1.31488     1.33708  0.00949815
         114     1.29793     1.33673  0.00942104
         115     1.31419     1.33654  0.00934116
         116     1.32252     1.33642  0.00926141
         117     1.31381     1.33622  0.00918427
         118      1.3305     1.33617  0.00910657
         119     1.34188     1.33622  0.00903017
         120     1.31724     1.33606   0.0089563
         121     1.32582     1.33598  0.00888268
         122     1.34066     1.33602  0.00880996
         123     1.37478     1.33633  0.00874397
         124     1.36079     1.33653  0.00867567
         125     1.32805     1.33646  0.00860653
         126     1.32316     1.33636  0.00853887
         127     1.35723     1.33652  0.00847322
         128     1.32958     1.33647   0.0084072
         129     1.33324     1.33644  0.00834206
         130     1.36553     1.33667  0.00828089
         131     1.37554     1.33696    0.008223
         132     1.36715     1.33719  0.00816388
         133     1.33796      1.3372   0.0081025
         134     1.35343     1.33732  0.00804294
         135     1.37566      1.3376  0.00798837
         136     1.36763     1.33782  0.00793269
         137     1.36301     1.33801  0.00787691
         138     1.37701     1.33829   0.0078249
         139     1.33039     1.33823  0.00776882
         140     1.29611     1.33793  0.00771915
         141     1.30604     1.33771  0.00766771
         142     1.32397     1.33761  0.00761433
         143     1.31811     1.33747   0.0075623
         144     1.30645     1.33726  0.00751285
         145     1.33277     1.33723   0.0074611
         146     1.28427     1.33686  0.00741881
         147     1.27384     1.33644  0.00738072
         148     1.32686     1.33637  0.00733114
         149     1.35697     1.33651  0.00728324
         150     1.34196     1.33654  0.00723477
         151      1.3634     1.33672  0.00718905
         152     1.31687     1.33659  0.00714294
         153     1.33137     1.33656  0.00709633
         154     1.37042     1.33678  0.00705366
         155     1.35463     1.33689  0.00700909
         156     1.34042     1.33692   0.0069642
         157     1.31201     1.33676  0.00692165
         158     1.34176     1.33679  0.00687791
         159     1.34422     1.33684  0.00683481
         160     1.33109      1.3368  0.00679219
         161      1.3133     1.33665  0.00675157
         162     1.29517      1.3364  0.00671475
         163     1.29649     1.33615  0.00667801
         164     1.31996     1.33605  0.00663802
         165     1.34818     1.33613   0.0065982
         166     1.32485     1.33606   0.0065588
         167     1.33731     1.33607  0.00651953
         168     1.33096     1.33604   0.0064808
         169     1.32324     1.33596  0.00644289
         170     1.31477     1.33584   0.0064062
         171     1.31365     1.33571  0.00637005
         172     1.34356     1.33575  0.00633318
         173     1.31358     1.33562  0.00629786
         174     1.32035     1.33554  0.00626228
         175     1.35919     1.33567  0.00622796
         176     1.29932     1.33546  0.00619599
         177     1.30977     1.33532  0.00616269
         178     1.33264      1.3353  0.00612808
         179      1.3071     1.33515  0.00609587
         180     1.30849       1.335  0.00606381
         181     1.30656     1.33484  0.00603234
         182     1.31306     1.33472  0.00600038
         183     1.31338     1.33461  0.00596873
         184     1.34178     1.33464  0.00593642
         185      1.3373     1.33466  0.00590434
         186     1.32705     1.33462  0.00587274
         187     1.31488     1.33451  0.00584229
         188     1.32075     1.33444  0.00581167
         189     1.32665      1.3344  0.00578106
         190     1.30167     1.33423   0.0057532
         191     1.27695     1.33393  0.00573089
         192     1.28268     1.33366  0.00570725
         193     1.30238      1.3335  0.00567998
         194      1.3064     1.33336  0.00565242
         195     1.30267      1.3332  0.00562563
         196     1.31967     1.33313  0.00559735
         197     1.32643      1.3331  0.00556904
         198     1.31833     1.33302  0.00554141
         199     1.31349     1.33292  0.00551443
         200     1.33578     1.33294  0.00548688
         201     1.32827     1.33292  0.00545963
         202     1.32837     1.33289  0.00543265
         203     1.30825     1.33277  0.00540724
         204      1.3037     1.33263  0.00538262
         205     1.31465     1.33254  0.00535707
         206     1.31142     1.33244  0.00533205
         207      1.2887     1.33223  0.00531048
         208     1.30178     1.33208  0.00528696
         209     1.29982     1.33193  0.00526392
         210     1.29364     1.33174  0.00524201
         211     1.32201      1.3317  0.00521737
         212     1.31762     1.33163  0.00519318
         213      1.3178     1.33157   0.0051692
         214     1.35111     1.33166  0.00514586
         215     1.36031     1.33179  0.00512365
         216       1.348     1.33187  0.00510048
         217     1.35353     1.33197  0.00507795
         218     1.28463     1.33175   0.0050593
         219     1.30109     1.33161  0.00503813
         220     1.30917     1.33151  0.00501626
         221     1.31913     1.33145  0.00499388
         222      1.2969      1.3313  0.00497381
         223      1.2749     1.33104  0.00495793
         224     1.26716     1.33076  0.00494399
         225     1.30049     1.33062  0.00492384
         226     1.33923     1.33066   0.0049022
         227     1.33828     1.33069  0.00488072
         228     1.32474     1.33067  0.00485939
         229     1.34663     1.33074  0.00483867
         230     1.32865     1.33073  0.00481764
         231     1.31563     1.33066  0.00479723
         232     1.30698     1.33056  0.00477763
         233     1.34331     1.33062  0.00475744
         234     1.34437     1.33068  0.00473748
         235     1.34223     1.33072  0.00471757
         236     1.36058     1.33085  0.00469928
         237     1.35752     1.33096   0.0046808
         238     1.35619     1.33107  0.00466233
         239     1.35375     1.33116  0.00464379
         240       1.339      1.3312  0.00462455
         241     1.33778     1.33122  0.00460544
         242     1.33027     1.33122  0.00458641
         243     1.29548     1.33107   0.0045699
         244     1.28901      1.3309  0.00455442
         245      1.2981     1.33077   0.0045378
         246     1.30762     1.33067  0.00452033
         247     1.32739     1.33066  0.00450205
         248      1.3254     1.33064  0.00448394
         249     1.31326     1.33057  0.00446648
         250     1.29915     1.33044  0.00445038
         251     1.31347     1.33038  0.00443316
         252     1.27792     1.33017  0.00442046
         253     1.28563     1.32999  0.00440649
         254     1.31812     1.32994  0.00438939
         255     1.29176     1.32979  0.00437473
         256     1.29464     1.32966  0.00435979
         257     1.31343     1.32959  0.00434329
         258     1.29428     1.32946  0.00432861
         259     1.28902      1.3293  0.00431471
         260     1.27749      1.3291  0.00430271
         261     1.29917     1.32899  0.00428775
         262     1.30019     1.32888   0.0042728
         263     1.27913     1.32869  0.00426074
         264     1.30777     1.32861  0.00424533
         265     1.28049     1.32843  0.00423319
         266     1.27539     1.32823  0.00422197
         267     1.26216     1.32798  0.00421341
         268     1.27742     1.32779  0.00420191
         269     1.28749     1.32764  0.00418896
         270     1.28714     1.32749  0.00417613
         271     1.27319     1.32729  0.00416552
         272     1.30017     1.32719   0.0041514
         273     1.32094     1.32717  0.00413626
         274     1.31732     1.32713  0.00412132
         275     1.29507     1.32702  0.00410798
         276     1.30859     1.32695  0.00409364
         277     1.31525     1.32691  0.00407908
         278     1.31969     1.32688  0.00406449
         279     1.34469     1.32695  0.00405042
         280     1.31879     1.32692  0.00403606
         281     1.32418     1.32691  0.00402171
         282      1.3294     1.32692  0.00400746
         283     1.31634     1.32688  0.00399347
         284     1.30941     1.32682  0.00397988
         285     1.27363     1.32663  0.00397029
         286     1.25888     1.32639  0.00396347
         287     1.26491     1.32618  0.00395544
         288     1.27666     1.32601  0.00394544
         289     1.28513     1.32587  0.00393433
         290     1.26631     1.32566  0.00392611
         291     1.27549     1.32549  0.00391641
         292     1.30517     1.32542  0.00390361
         293     1.27451     1.32524  0.00389415
         294     1.27569     1.32508  0.00388456
         295     1.29767     1.32498   0.0038725
         296      1.2657     1.32478  0.00386459
         297     1.24614     1.32452  0.00386064
         298     1.27865     1.32436  0.00385075
         299     1.29814     1.32428  0.00383887
         300     1.28993     1.32416  0.00382778
         301      1.2942     1.32406  0.00381636
         302      1.3388     1.32411  0.00380403
         303     1.31729     1.32409  0.00379154
         304     1.34305     1.32415  0.00377959
         305      1.3152     1.32412  0.00376731
         306     1.31985     1.32411  0.00375502
         307     1.29567     1.32401  0.00374393
         308     1.30445     1.32395  0.00373232
         309     1.29318     1.32385  0.00372157
         310     1.29308     1.32375  0.00371088
         311     1.31609     1.32373  0.00369903
         312     1.29998     1.32365  0.00368796
         313      1.2907     1.32355  0.00367768
         314       1.276     1.32339  0.00366908
         315     1.26518     1.32321  0.00366209
         316      1.2541     1.32299  0.00365702
         317      1.2965     1.32291  0.00364644
         318     1.31632     1.32289  0.00363503
         319     1.30922     1.32284  0.00362389
         320     1.28016     1.32271  0.00361502
         321     1.25239     1.32249  0.00361039
         322     1.27055     1.32233  0.00360278
         323     1.27442     1.32218  0.00359468
         324     1.27429     1.32203  0.00358662
         325     1.29214     1.32194  0.00357677
         326     1.28548     1.32183  0.00356754
         327      1.3153     1.32181  0.00355669
         328     1.34016     1.32187  0.00354629
         329     1.31115     1.32183  0.00353566
         330     1.33112     1.32186  0.00352505
         331     1.32587     1.32187  0.00351443
         332     1.31495     1.32185   0.0035039
         333     1.28332     1.32174  0.00349529
         334     1.29003     1.32164  0.00348611
         335     1.28769     1.32154  0.00347718
         336       1.287     1.32144  0.00346835
         337     1.32216     1.32144  0.00345806
         338     1.36016     1.32156  0.00344973
         339     1.30629     1.32151  0.00343984
         340     1.28559      1.3214  0.00343135
         341     1.30227     1.32135  0.00342174
         342      1.2708      1.3212  0.00341493
         343     1.29884     1.32114   0.0034056
         344     1.33678     1.32118    0.003396
         345     1.31802     1.32117  0.00338617
         346     1.31036     1.32114  0.00337653
         347     1.32272     1.32115   0.0033668
         348     1.33667     1.32119  0.00335742
         349      1.3421     1.32125  0.00334833
         350     1.36943     1.32139  0.00334159
         351     1.35657     1.32149  0.00333358
         352     1.34823     1.32156  0.00332497
         353     1.31314     1.32154  0.00331564
         354     1.29175     1.32146  0.00330734
         355     1.35466     1.32155  0.00329935
         356     1.32492     1.32156  0.00329009
         357     1.29663     1.32149  0.00328162
         358     1.27468     1.32136  0.00327505
         359     1.31563     1.32134  0.00326597
         360     1.30635      1.3213  0.00325716
         361     1.31715     1.32129  0.00324816
         362     1.31995     1.32129  0.00323919
         363     1.31927     1.32128  0.00323027
         364        1.35     1.32136  0.00322236
         365     1.33162     1.32139  0.00321366
         366     1.33838     1.32143  0.00320521
         367     1.33982     1.32148  0.00319687
         368     1.30529     1.32144  0.00318848
         369     1.28754     1.32135  0.00318117
         370     1.30388      1.3213  0.00317292
         371      1.2789     1.32119  0.00316642
         372     1.32479      1.3212  0.00315793
         373     1.31471     1.32118  0.00314951
         374     1.31289     1.32116  0.00314117
         375     1.32593     1.32117  0.00313281
         376     1.30321     1.32112  0.00312485
         377     1.31736     1.32111  0.00311657
         378     1.29056     1.32103  0.00310938
         379     1.30023     1.32098  0.00310166
         380      1.3155     1.32096  0.00309353
         381     1.33691       1.321  0.00308569
         382     1.31802     1.32099  0.00307762
         383     1.30207     1.32095  0.00306999
         384     1.32904     1.32097  0.00306206
         385     1.33548       1.321  0.00305434
         386     1.31035     1.32098  0.00304655
         387     1.31555     1.32096  0.00303871
         388      1.3207     1.32096  0.00303088
         389     1.27908     1.32085    0.003025
         390     1.27935     1.32075  0.00301912
         391      1.2897     1.32067  0.00301244
         392      1.2746     1.32055  0.00300705
         393     1.28684     1.32046  0.00300062
         394     1.31371     1.32045  0.00299305
         395     1.32253     1.32045  0.00298548
         396     1.33991      1.3205  0.00297834
         397     1.33822     1.32055  0.00297118
         398     1.30573     1.32051  0.00296394
         399     1.27173     1.32039  0.00295904
         400     1.28689      1.3203  0.00295282
         401     1.30064     1.32025  0.00294587
         402     1.30836     1.32023  0.00293869
         403     1.33905     1.32027  0.00293177
         404     1.31516     1.32026  0.00292454
         405     1.29869     1.32021   0.0029178
         406     1.29769     1.32015  0.00291114
         407     1.33079     1.32018  0.00290411
         408     1.30748     1.32015  0.00289715
         409     1.30164      1.3201  0.00289042
         410     1.30594     1.32007  0.00288358
         411      1.3422     1.32012  0.00287707
         412     1.30126     1.32007  0.00287045
         413     1.32565     1.32009  0.00286353
         414     1.32287     1.32009  0.00285662
         415      1.2857     1.32001  0.00285094
         416     1.29276     1.31995  0.00284484
         417     1.29321     1.31988  0.00283874
         418     1.28825     1.31981  0.00283296
         419     1.31567      1.3198  0.00282621
         420     1.29115     1.31973  0.00282031
         421     1.30669      1.3197  0.00281378
         422     1.29771     1.31964  0.00280759
         423     1.32157     1.31965  0.00280096
         424       1.345     1.31971  0.00279499
         425     1.35914      1.3198  0.00278995
         426     1.34119     1.31985  0.00278386
         427     1.31819     1.31985  0.00277734
         428     1.30233     1.31981  0.00277115
         429     1.30007     1.31976  0.00276507
         430     1.31953     1.31976  0.00275864
         431      1.3342     1.31979  0.00275245
         432     1.37062     1.31991  0.00274859
         433     1.36292     1.32001  0.00274403
         434      1.3485     1.32008   0.0027385
         435     1.37345      1.3202  0.00273495
         436      1.3234     1.32021  0.00272869
         437     1.29964     1.32016  0.00272285
         438     1.29647     1.32011  0.00271717
         439     1.30748     1.32008  0.00271113
         440     1.30509     1.32004  0.00270518
         441     1.27368     1.31994  0.00270109
         442      1.2706     1.31983  0.00269729
         443     1.28595     1.31975  0.00269228
         444     1.32805     1.31977  0.00268628
         445     1.31018     1.31975  0.00268033
         446     1.32909     1.31977   0.0026744
         447      1.3064     1.31974  0.00266859
         448     1.28661     1.31966  0.00266366
         449     1.29133      1.3196  0.00265847
         450      1.2845     1.31952  0.00265371
         451     1.31822     1.31952  0.00264782
         452     1.28458     1.31944  0.00264309
         453     1.26779     1.31933  0.00263972
         454     1.28159     1.31925  0.00263521
         455     1.27975     1.31916  0.00263085
         456     1.27871     1.31907  0.00262658
         457     1.29709     1.31902  0.00262127
         458     1.32765     1.31904  0.00261561
         459     1.32057     1.31904  0.00260992
         460      1.3253     1.31906  0.00260428
         461     1.33917      1.3191  0.00259899
         462     1.33958     1.31915  0.00259375
         463     1.36219     1.31924  0.00258981
         464     1.37957     1.31937  0.00258749
         465     1.32746     1.31939  0.00258199
         466     1.33359     1.31942  0.00257662
         467     1.32779     1.31943  0.00257117
         468      1.3275     1.31945  0.00256573
         469     1.30389     1.31942  0.00256048
         470     1.30169     1.31938  0.00255531
         471     1.30553     1.31935  0.00255005
         472     1.29163     1.31929  0.00254532
         473     1.29394     1.31924  0.00254051
         474       1.285     1.31917  0.00253617
         475     1.30502     1.31914  0.00253101
         476     1.29767     1.31909  0.00252609
         477     1.28486     1.31902  0.00252182
         478     1.29764     1.31898  0.00251694
         479     1.29381     1.31892  0.00251223
         480     1.29369     1.31887  0.00250755
         481     1.31015     1.31885   0.0025024
         482     1.32666     1.31887  0.00249726
         483      1.3045     1.31884  0.00249227
         484     1.28076     1.31876  0.00248836
         485     1.29474     1.31871  0.00248372
         486     1.30469     1.31868  0.00247878
         487     1.31474     1.31867   0.0024737
         488     1.33814     1.31871  0.00246896
         489     1.32748     1.31873  0.00246397
         490     1.32739     1.31875  0.00245901
         491      1.3291     1.31877  0.00245409
         492     1.32617     1.31878  0.00244915
         493     1.33277     1.31881  0.00244434
         494     1.34455     1.31887  0.00243995
         495     1.33897     1.31891  0.00243536
         496     1.35743     1.31898  0.00243169
         497      1.3505     1.31905  0.00242762
         498     1.31833     1.31905  0.00242275
         499     1.32066     1.31905  0.00241789
         500     1.32252     1.31906  0.00241307

