1.5	1.5	12.112	0.349629
1.45789	1.43092	9.97858	0.36601
1.45789	1.43092	9.97858	0.36601
1.45789	1.43092	9.97858	0.36601
1.45789	1.43092	9.97858	0.36601
1.37093	1.34516	6.7777	0.142296
1.37093	1.34516	6.7777	0.142296
1.33925	1.39058	6.319	0.219963
1.33925	1.39058	6.319	0.219963
1.33925	1.39058	6.319	0.219963
1.33925	1.39058	6.319	0.219963
1.33925	1.39058	6.319	0.219963
1.33925	1.39058	6.319	0.219963
1.29049	1.35282	5.50347	0.164403
1.24817	1.28015	4.7474	0.166468
1.24817	1.28015	4.7474	0.166468
1.20781	1.20107	3.42016	0.137662
1.15054	1.18592	2.74961	0.141769
1.09194	1.15607	2.11051	0.0910872
1.00357	1.18008	1.50891	0.0712468
1.03908	1.15758	1.69225	0.0729036
1.03908	1.15758	1.69225	0.0729036
1.03925	1.06942	1.34511	0.0615605
1.00595	1.03959	0.831176	0.0587025
0.976405	0.985714	0.573451	0.0405773
0.926467	0.981176	0.304721	0.0208641
0.925913	0.927233	0.202776	0.0254324
0.949242	0.879309	0.152783	0.0277802
0.927247	0.876854	0.0788445	0.0237902
0.842552	0.838805	-0.18545	0.0156042
0.756685	0.824044	-0.292509	0.0100918
0.676436	0.78299	-0.33101	0.00959208
0.676436	0.78299	-0.33101	0.00959208
0.593313	0.74772	-0.317505	0.00577401
0.646358	0.805586	-0.329924	0.00968684
0.648248	0.891289	-0.281617	0.0095644
0.640572	0.805089	-0.318258	0.00802219
0.568054	0.814315	-0.299644	0.00681286
0.568054	0.814315	-0.299644	0.00681286
0.512894	0.83291	-0.295503	0.00725249
0.512894	0.83291	-0.295503	0.00725249
0.512894	0.83291	-0.295503	0.00725249
0.512894	0.83291	-0.295503	0.00725249
0.503461	0.906045	-0.263615	0.0100647
0.443038	0.930069	-0.246045	0.0145152
0.421722	0.847036	-0.261011	0.00787657
0.425056	0.828713	-0.258709	0.00792742
0.391382	0.749856	-0.199801	0.00597848
0.402021	0.762246	-0.206053	0.00563319
0.340864	0.839685	-0.224368	0.00708607
0.375231	0.787001	-0.201065	0.00823829
0.390973	0.746324	-0.18067	0.00650842
0.337584	0.720276	-0.1039	0.00837347
0.294127	0.732187	-0.0903991	0.0072506
0.353293	0.722148	-0.111371	0.00732792
0.424606	0.728479	-0.186259	0.00606273
0.456111	0.779012	-0.241443	0.0057338
0.431232	0.811801	-0.254888	0.00700128
0.469335	0.809661	-0.270302	0.0070435
0.515008	0.851352	-0.273142	0.00859582
0.563593	0.821468	-0.27927	0.00680947
0.511733	0.825624	-0.285237	0.00621863
0.518535	0.875582	-0.283722	0.00614927
0.556013	0.909807	-0.266361	0.00925727
0.567005	0.902674	-0.272162	0.0080558
0.603682	0.821935	-0.305764	0.0053228
0.603682	0.821935	-0.305764	0.0053228
0.603682	0.821935	-0.305764	0.0053228
0.579499	0.890071	-0.28163	0.00836159
0.569773	0.831679	-0.295145	0.00964259
0.531029	0.790959	-0.279952	0.00697399
0.531029	0.790959	-0.279952	0.00697399
0.491027	0.810624	-0.27636	0.00876098
0.449156	0.774218	-0.239442	0.00639151
0.42391	0.718771	-0.166029	0.00664032
0.420368	0.79355	-0.241251	0.00624207
0.416547	0.840355	-0.243387	0.00674786
0.481462	0.796754	-0.271078	0.0070345
0.465164	0.837563	-0.265896	0.00663659
0.465164	0.837563	-0.265896	0.00663659
0.514583	0.765419	-0.285715	0.00654603
0.448447	0.831071	-0.252991	0.00727314
0.448447	0.831071	-0.252991	0.00727314
0.466311	0.783806	-0.254937	0.00712023
0.447666	0.76298	-0.232821	0.00636964
0.479851	0.747929	-0.239852	0.00613397
0.432016	0.807366	-0.231913	0.00819986
0.427255	0.841405	-0.25375	0.00574604
0.461206	0.851038	-0.258507	0.00679543
0.487797	0.826382	-0.268154	0.00821497
0.554957	0.807651	-0.284251	0.00593591
0.604452	0.820016	-0.297782	0.0096513
0.533214	0.751487	-0.286821	0.00641178
0.465517	0.794956	-0.260107	0.00550346
0.516139	0.745709	-0.269203	0.00580854
0.445814	0.752026	-0.226896	0.00687591
0.51142	0.807196	-0.276016	0.00720139
0.562679	0.873658	-0.284266	0.00841498
0.518243	0.851691	-0.283314	0.00827037
0.534516	0.782852	-0.291904	0.00682626
0.478405	0.71013	-0.230935	0.00700529
0.513451	0.697896	-0.244419	0.00474325
0.582644	0.738966	-0.309311	0.00491945
0.637298	0.738933	-0.346508	0.00574066
0.70472	0.696899	-0.399023	0.00307542
0.645928	0.649329	-0.37142	0.00375517
0.645928	0.649329	-0.37142	0.00375517
0.645928	0.649329	-0.37142	0.00375517
0.645928	0.649329	-0.37142	0.00375517
0.645928	0.649329	-0.37142	0.00375517
0.673189	0.673514	-0.376651	0.0058032
0.673189	0.673514	-0.376651	0.0058032
0.643743	0.656214	-0.365231	0.00373778
0.673181	0.612502	-0.394377	0.00242455
0.732142	0.602756	-0.429638	0.00264746
0.721051	0.619449	-0.426385	0.00339197
0.68411	0.586266	-0.393193	0.00352494
0.68411	0.586266	-0.393193	0.00352494
0.68411	0.586266	-0.393193	0.00352494
0.744554	0.650989	-0.422847	0.00273885
0.7672	0.619409	-0.442389	0.00250234
0.789306	0.605262	-0.444609	0.00217696
0.789306	0.605262	-0.444609	0.00217696
0.789306	0.605262	-0.444609	0.00217696
0.789306	0.605262	-0.444609	0.00217696
0.829794	0.613174	-0.440512	0.00298756
0.805667	0.657231	-0.428557	0.00469236
0.77425	0.651062	-0.439175	0.0029755
0.804794	0.619019	-0.440777	0.00230128
0.804794	0.619019	-0.440777	0.00230128
0.828803	0.65361	-0.427638	0.00379583
0.879928	0.68656	-0.362505	0.0111112
0.884881	0.690127	-0.362037	0.00998923
0.844688	0.707401	-0.382711	0.00647979
0.800265	0.745173	-0.358511	0.00684899
0.756756	0.678119	-0.429671	0.00331709
0.756756	0.678119	-0.429671	0.00331709
0.756756	0.678119	-0.429671	0.00331709
0.817063	0.651994	-0.43738	0.00309446
0.848197	0.635612	-0.434227	0.00396131
0.868342	0.630106	-0.42694	0.0035917
0.860755	0.584725	-0.42047	0.00370866
0.809856	0.613051	-0.445892	0.0034125
0.762951	0.673769	-0.420544	0.00384689
0.762951	0.673769	-0.420544	0.00384689
0.762951	0.673769	-0.420544	0.00384689
0.82273	0.625202	-0.442325	0.0035519
0.787076	0.676996	-0.424965	0.00378757
0.777263	0.668196	-0.43071	0.00363889
0.777263	0.668196	-0.43071	0.00363889
0.768644	0.669805	-0.429191	0.00345013
0.801922	0.641344	-0.443982	0.00280917
0.801922	0.641344	-0.443982	0.00280917
0.782173	0.686239	-0.417258	0.00360721
0.782173	0.686239	-0.417258	0.00360721
0.729965	0.705524	-0.402118	0.00464535
0.729694	0.769318	-0.349611	0.00880773
0.727219	0.8199	-0.30799	0.00992844
0.727219	0.8199	-0.30799	0.00992844
0.664626	0.810192	-0.325657	0.00555791
0.664626	0.810192	-0.325657	0.00555791
0.664626	0.810192	-0.325657	0.00555791
0.663476	0.769644	-0.330045	0.0057675
0.709698	0.74572	-0.368616	0.00646629
0.652247	0.709469	-0.365604	0.00455374
0.652247	0.709469	-0.365604	0.00455374
0.706692	0.683015	-0.401191	0.00321693
0.720554	0.654375	-0.421808	0.00328066
0.688858	0.68284	-0.396454	0.00388669
0.747928	0.661403	-0.430573	0.00380308
0.722479	0.687928	-0.406566	0.00392048
0.752475	0.698778	-0.408718	0.00375044
0.797034	0.643238	-0.439311	0.00286182
0.829231	0.621826	-0.440112	0.00318327
0.811101	0.636679	-0.435811	0.00445367
0.80472	0.574415	-0.433338	0.00318013
0.818387	0.593896	-0.436632	0.00333359
0.818387	0.593896	-0.436632	0.00333359
0.84149	0.560519	-0.40318	0.00379841
0.805705	0.572888	-0.426775	0.00388261
0.805705	0.572888	-0.426775	0.00388261
0.763748	0.591803	-0.435525	0.00278508
0.790348	0.634257	-0.438843	0.00257947
0.785358	0.57835	-0.435812	0.00318538
0.761819	0.585247	-0.43138	0.00292173
0.803162	0.5459	-0.399295	0.00436731
0.740302	0.570921	-0.415966	0.00391708
0.740302	0.570921	-0.415966	0.00391708
0.797943	0.624567	-0.440635	0.00381261
0.857912	0.589231	-0.429455	0.00305856
0.85501	0.605561	-0.431415	0.00337978
0.85501	0.605561	-0.431415	0.00337978
0.799099	0.628656	-0.44336	0.00271817
0.79799	0.619895	-0.442603	0.00318678
0.765367	0.677122	-0.425891	0.00278829
0.765913	0.712818	-0.390814	0.00517332
0.765414	0.709731	-0.396613	0.00553528
0.814569	0.725627	-0.374571	0.0071384
0.814569	0.725627	-0.374571	0.0071384
0.777496	0.691182	-0.416507	0.00404888
0.779717	0.727975	-0.375921	0.00680957
0.779717	0.727975	-0.375921	0.00680957
0.779717	0.727975	-0.375921	0.00680957
0.763863	0.698114	-0.409035	0.00370123
0.738075	0.65082	-0.42216	0.00359661
0.714411	0.61912	-0.418501	0.00254344
0.714411	0.61912	-0.418501	0.00254344
0.75932	0.56775	-0.418122	0.00353221
0.806167	0.616899	-0.438962	0.00304863
0.789428	0.587805	-0.439583	0.00241167
0.789428	0.587805	-0.439583	0.00241167
0.827063	0.641354	-0.434829	0.00387108
0.853447	0.646908	-0.421069	0.00450934
0.845988	0.679942	-0.405711	0.0059031
0.845988	0.679942	-0.405711	0.0059031
0.845988	0.679942	-0.405711	0.0059031
0.845988	0.679942	-0.405711	0.0059031
0.88429	0.658248	-0.398394	0.0055585
0.910058	0.655064	-0.382703	0.00636508
0.851716	0.635911	-0.427165	0.00445106
0.883237	0.651825	-0.396958	0.005501
0.827658	0.601158	-0.437763	0.00328836
0.827658	0.601158	-0.437763	0.00328836
0.772858	0.624835	-0.437798	0.00268745
0.800642	0.602345	-0.444695	0.00271387
0.839824	0.560886	-0.41088	0.0032906
0.839824	0.560886	-0.41088	0.0032906
0.839824	0.560886	-0.41088	0.0032906
0.827161	0.570611	-0.43025	0.00340569
0.833043	0.626715	-0.437904	0.003834
0.881621	0.682899	-0.388638	0.00577384
0.881621	0.682899	-0.388638	0.00577384
0.93606	0.678158	-0.326769	0.00649339
0.880054	0.652095	-0.405677	0.00533529
0.899886	0.609342	-0.40679	0.0038277
0.88201	0.648365	-0.399601	0.00513552
0.863563	0.647174	-0.419285	0.00400676
0.863563	0.647174	-0.419285	0.00400676
0.884444	0.696328	-0.365984	0.00719938
0.896545	0.677921	-0.368635	0.00762915
0.896545	0.677921	-0.368635	0.00762915
0.877523	0.626051	-0.418089	0.00345728
0.859131	0.573356	-0.421801	0.0037272
0.859131	0.573356	-0.421801	0.0037272
0.859131	0.573356	-0.421801	0.0037272
0.859131	0.573356	-0.421801	0.0037272
0.859131	0.573356	-0.421801	0.0037272
0.859131	0.573356	-0.421801	0.0037272
0.824754	0.627373	-0.439301	0.00325382
0.824754	0.627373	-0.439301	0.00325382
0.778379	0.613191	-0.444595	0.00241059
0.778379	0.613191	-0.444595	0.00241059
0.778379	0.613191	-0.444595	0.00241059
0.821631	0.603304	-0.440214	0.00240632
0.774218	0.588888	-0.435865	0.0029561
0.722259	0.616811	-0.423027	0.00250388
0.758195	0.599315	-0.437091	0.00271558
0.758195	0.599315	-0.437091	0.00271558
0.713217	0.547276	-0.375752	0.00520248
0.730496	0.533298	-0.375948	0.00483696
0.702246	0.546076	-0.370123	0.00391424
0.753433	0.499464	-0.304882	0.00798951
0.782049	0.51139	-0.323591	0.00612379
0.76734	0.494676	-0.286592	0.00882104
0.73742	0.52572	-0.350786	0.00642322
0.753169	0.575904	-0.422399	0.00309651
0.744516	0.567124	-0.414364	0.00367743
0.719679	0.564519	-0.401835	0.00361372
0.772517	0.595375	-0.441417	0.00265848
0.725481	0.627798	-0.427829	0.00288997
0.725481	0.627798	-0.427829	0.00288997
0.750947	0.633646	-0.432199	0.0025761
0.720675	0.598635	-0.416776	0.00288802
0.718561	0.56709	-0.401615	0.00311032
0.665245	0.610134	-0.381513	0.00290416
0.675781	0.650675	-0.392316	0.0035613
0.716683	0.624433	-0.419922	0.00250747
0.716683	0.624433	-0.419922	0.00250747
0.716683	0.624433	-0.419922	0.00250747
0.74623	0.643339	-0.433684	0.00286206
0.74623	0.643339	-0.433684	0.00286206
0.737552	0.603933	-0.428635	0.00281781
0.714746	0.590787	-0.414886	0.00250029
0.73294	0.560909	-0.41407	0.00320712
0.781263	0.556065	-0.409485	0.00390748
0.752508	0.555312	-0.411971	0.00296859
0.752508	0.555312	-0.411971	0.00296859
0.755219	0.525497	-0.364462	0.00470505
0.712181	0.555468	-0.383837	0.00397
0.683008	0.605251	-0.394952	0.00309442
0.678602	0.613938	-0.390294	0.00282745
0.6827	0.601175	-0.400056	0.00291202
0.677034	0.619846	-0.392096	0.00307769
0.666537	0.652785	-0.379944	0.00311133
0.686988	0.638303	-0.401701	0.00290485
0.707696	0.647536	-0.411055	0.00280279
0.725692	0.627565	-0.42821	0.00245084
0.725692	0.627565	-0.42821	0.00245084
0.725692	0.627565	-0.42821	0.00245084
0.726405	0.662878	-0.420985	0.00321194
0.777021	0.68224	-0.414114	0.00493317
0.791121	0.716121	-0.391794	0.0057077
0.816685	0.696807	-0.398209	0.00495367
0.816685	0.696807	-0.398209	0.00495367
0.816685	0.696807	-0.398209	0.00495367
0.856506	0.677423	-0.404711	0.0052323
0.830309	0.644519	-0.432585	0.00389749
0.869205	0.642157	-0.420901	0.00333072
0.869205	0.642157	-0.420901	0.00333072
0.869205	0.642157	-0.420901	0.00333072
0.869205	0.642157	-0.420901	0.00333072
0.869205	0.642157	-0.420901	0.00333072
0.869205	0.642157	-0.420901	0.00333072
0.875402	0.636942	-0.412218	0.00393046
0.82934	0.668347	-0.417313	0.00525908
0.873458	0.624758	-0.419058	0.00344194
0.873458	0.624758	-0.419058	0.00344194
0.841457	0.60375	-0.437737	0.0023453
0.848481	0.598359	-0.437203	0.002548
0.848481	0.598359	-0.437203	0.002548
0.806769	0.579205	-0.433123	0.0032342
0.806769	0.579205	-0.433123	0.0032342
0.833362	0.6185	-0.437172	0.00353825
0.805988	0.586052	-0.436759	0.00239729
0.805988	0.586052	-0.436759	0.00239729
0.805988	0.586052	-0.436759	0.00239729
0.805988	0.586052	-0.436759	0.00239729
0.79904	0.6088	-0.441391	0.00275059
0.776471	0.622296	-0.441748	0.00288299
0.802089	0.62215	-0.445019	0.00241622
0.802573	0.631069	-0.444205	0.0022536
0.781356	0.609768	-0.441444	0.00244169
0.826936	0.648033	-0.435185	0.00326836
0.873311	0.623062	-0.424162	0.00431746
0.873311	0.623062	-0.424162	0.00431746
0.84435	0.621113	-0.433029	0.00366834
0.84435	0.621113	-0.433029	0.00366834
0.87695	0.614286	-0.424825	0.00294678
0.868644	0.654199	-0.412078	0.00498579
0.853207	0.631539	-0.427296	0.003685
0.853207	0.631539	-0.427296	0.003685
0.860991	0.677413	-0.393054	0.00686035
0.817126	0.659606	-0.422371	0.00495935
0.798989	0.622078	-0.444637	0.00278903
0.768671	0.590253	-0.432425	0.0030267
0.768671	0.590253	-0.432425	0.0030267
0.762392	0.561983	-0.412371	0.00331591
0.766351	0.567715	-0.419689	0.00309296
0.803921	0.566864	-0.421032	0.0039498
0.803921	0.566864	-0.421032	0.0039498
0.843657	0.576853	-0.42319	0.00318289
0.795581	0.61345	-0.444443	0.00215716
0.793556	0.644114	-0.440063	0.00297098
0.807025	0.623064	-0.444684	0.00301962
0.829898	0.615639	-0.447934	0.00326534
0.832828	0.625556	-0.442395	0.00287784
0.850865	0.615974	-0.430886	0.00307125
0.850865	0.615974	-0.430886	0.00307125
0.812089	0.601726	-0.441599	0.0029652
0.836561	0.61013	-0.438098	0.00261978
0.788263	0.647376	-0.437266	0.00309109
0.768336	0.608071	-0.440771	0.0022532
0.787717	0.586463	-0.438793	0.00279787
0.791638	0.623959	-0.441137	0.00274883
0.778091	0.661435	-0.434763	0.00306624
0.801292	0.641384	-0.438702	0.00284012
0.801292	0.641384	-0.438702	0.00284012
0.801292	0.641384	-0.438702	0.00284012
0.801292	0.641384	-0.438702	0.00284012
0.773999	0.597507	-0.4354	0.00234564
0.769282	0.616533	-0.444001	0.00204072
0.783754	0.600733	-0.443315	0.00210233
0.783754	0.600733	-0.443315	0.00210233
0.811738	0.622302	-0.447748	0.00261927
0.797353	0.651546	-0.43163	0.00358008
0.797353	0.651546	-0.43163	0.00358008
0.838739	0.656374	-0.426016	0.0042066
0.838739	0.656374	-0.426016	0.0042066
0.838739	0.656374	-0.426016	0.0042066
0.829123	0.627879	-0.438306	0.00331861
0.809189	0.608229	-0.445468	0.00298497
0.824753	0.618872	-0.446833	0.00275761
0.824753	0.618872	-0.446833	0.00275761
0.793503	0.614039	-0.441856	0.00244811
0.812689	0.600802	-0.445068	0.0029811
0.784352	0.605084	-0.439942	0.00233374
0.755789	0.619682	-0.440924	0.0021661
0.765862	0.629587	-0.438352	0.00262301
0.763586	0.652996	-0.426033	0.00255239
0.731984	0.639548	-0.42779	0.00227149
0.710242	0.624909	-0.418643	0.00242285
0.714063	0.638126	-0.416557	0.00259639
0.714063	0.638126	-0.416557	0.00259639
0.714063	0.638126	-0.416557	0.00259639
0.744535	0.641041	-0.429404	0.00249727
0.788708	0.659532	-0.432744	0.00385648
0.788708	0.659532	-0.432744	0.00385648
0.832508	0.667781	-0.420672	0.00395016
0.812671	0.672497	-0.425745	0.00389053
0.812888	0.689805	-0.425779	0.00367136
0.812888	0.689805	-0.425779	0.00367136
0.812888	0.689805	-0.425779	0.00367136
0.795526	0.650712	-0.439134	0.0026764
0.795526	0.650712	-0.439134	0.0026764
0.810592	0.64265	-0.444005	0.0022854
0.812622	0.646364	-0.440944	0.00342687
0.812622	0.646364	-0.440944	0.00342687
0.812622	0.646364	-0.440944	0.00342687
0.831569	0.604604	-0.436452	0.00321342
0.848435	0.596449	-0.430468	0.00301199
0.848435	0.596449	-0.430468	0.00301199
0.855879	0.614611	-0.435483	0.00294453
0.855879	0.614611	-0.435483	0.00294453
0.855879	0.614611	-0.435483	0.00294453
0.818503	0.642582	-0.444714	0.00325657
0.835578	0.648695	-0.429939	0.00343543
0.835578	0.648695	-0.429939	0.00343543
0.841414	0.635914	-0.429148	0.00343781
0.841414	0.635914	-0.429148	0.00343781
0.841414	0.635914	-0.429148	0.00343781
0.841414	0.635914	-0.429148	0.00343781
0.84568	0.623642	-0.435521	0.00327344
0.859722	0.648964	-0.423473	0.00437602
0.859722	0.648964	-0.423473	0.00437602
0.889845	0.65912	-0.396789	0.00518587
0.889845	0.65912	-0.396789	0.00518587
0.889845	0.65912	-0.396789	0.00518587
0.889845	0.65912	-0.396789	0.00518587
0.889845	0.65912	-0.396789	0.00518587
0.896289	0.648809	-0.391936	0.00413086
0.872468	0.655426	-0.407125	0.00534685
0.868938	0.646166	-0.418638	0.00493816
0.868938	0.646166	-0.418638	0.00493816
0.868938	0.646166	-0.418638	0.00493816
0.868938	0.646166	-0.418638	0.00493816
0.837934	0.652263	-0.429245	0.00435803
0.802909	0.632073	-0.441913	0.00211729
0.807504	0.627246	-0.444522	0.00260414
0.807504	0.627246	-0.444522	0.00260414
0.792973	0.596993	-0.44248	0.00235807
0.808309	0.62293	-0.442693	0.00243902
0.808309	0.62293	-0.442693	0.00243902
0.808309	0.62293	-0.442693	0.00243902
0.811978	0.620958	-0.446684	0.00239487
0.811978	0.620958	-0.446684	0.00239487
0.780133	0.596539	-0.440337	0.00240121
0.744732	0.598602	-0.426515	0.00274646
0.752405	0.623465	-0.433854	0.00280993
0.790709	0.650225	-0.436793	0.00299351
0.830761	0.64852	-0.436267	0.00380431
0.802641	0.645158	-0.434446	0.00331052
0.822649	0.605264	-0.439596	0.00302492
0.786134	0.634607	-0.439957	0.00267069
0.786134	0.634607	-0.439957	0.00267069
0.784632	0.60356	-0.4402	0.00201912
0.745831	0.624199	-0.432693	0.00265181
0.705604	0.59075	-0.407313	0.00318363
0.745335	0.570634	-0.416426	0.00348832
0.745335	0.570634	-0.416426	0.00348832
0.771537	0.591685	-0.432442	0.00272308
0.767916	0.572747	-0.427586	0.00338333
0.767916	0.572747	-0.427586	0.00338333
0.769103	0.59734	-0.44041	0.0027109
0.791412	0.585902	-0.4374	0.0022645
0.781338	0.585296	-0.437466	0.00296875
0.781338	0.585296	-0.437466	0.00296875
0.756935	0.598092	-0.43313	0.00220366
0.794555	0.601	-0.440608	0.00229474
0.794555	0.601	-0.440608	0.00229474
0.778796	0.608809	-0.443214	0.00218492
0.764419	0.639643	-0.439318	0.00256648
0.760974	0.615638	-0.43936	0.00196346
0.801791	0.640776	-0.440661	0.00240977
0.840692	0.625932	-0.438429	0.00358318
0.840692	0.625932	-0.438429	0.00358318
0.800691	0.611482	-0.446257	0.0025611
0.798615	0.640431	-0.438709	0.00325618
0.820134	0.610844	-0.442364	0.00270576
0.845117	0.623024	-0.433418	0.00343133
0.808566	0.597525	-0.445214	0.00219853
0.808566	0.597525	-0.445214	0.00219853
0.832419	0.619039	-0.437446	0.00328254
0.863995	0.642292	-0.420778	0.00369864
0.863995	0.642292	-0.420778	0.00369864
0.863995	0.642292	-0.420778	0.00369864
0.84291	0.653021	-0.429096	0.00385609
0.837092	0.625291	-0.433383	0.00279433
0.837092	0.625291	-0.433383	0.00279433
0.805148	0.58954	-0.439653	0.00231538
0.810738	0.620366	-0.448033	0.00320914
0.780153	0.642114	-0.44527	0.00253111
0.794778	0.653539	-0.432063	0.00482356
0.820955	0.628923	-0.436745	0.00323073
0.827053	0.606568	-0.443964	0.00271685
0.85477	0.60835	-0.425181	0.00428361
0.833321	0.62116	-0.443082	0.00294696
0.839725	0.597995	-0.436482	0.00216868
0.840539	0.601832	-0.433078	0.00279917
0.840539	0.601832	-0.433078	0.00279917
0.835549	0.616074	-0.44069	0.00301038
0.832081	0.60873	-0.441873	0.00294752
0.832081	0.60873	-0.441873	0.00294752
0.832081	0.60873	-0.441873	0.00294752
0.830217	0.604434	-0.437159	0.00232265
0.840854	0.599588	-0.435616	0.00263101
0.850947	0.627839	-0.437067	0.00356458
0.830067	0.62195	-0.435479	0.00271114
0.830067	0.62195	-0.435479	0.00271114
0.830067	0.62195	-0.435479	0.00271114
0.844039	0.610388	-0.434277	0.00271413
0.844039	0.610388	-0.434277	0.00271413
0.861737	0.62809	-0.430218	0.00263829
0.836226	0.607836	-0.43903	0.00294653
0.832191	0.630704	-0.438073	0.00319247
0.825194	0.644633	-0.431238	0.00362239
0.810726	0.622112	-0.44667	0.00234701
0.785698	0.592958	-0.442089	0.00222422
0.768421	0.630411	-0.437872	0.00230755
0.790817	0.620933	-0.438861	0.00222187
0.790817	0.620933	-0.438861	0.00222187
0.766266	0.583005	-0.431857	0.00338365
0.766266	0.583005	-0.431857	0.00338365
0.766266	0.583005	-0.431857	0.00338365
0.766266	0.583005	-0.431857	0.00338365
0.799986	0.597028	-0.441885	0.00273533
0.799986	0.597028	-0.441885	0.00273533
0.799986	0.597028	-0.441885	0.00273533
0.834945	0.621663	-0.439105	0.00340455
0.82903	0.648786	-0.426122	0.00460411
0.8431	0.626379	-0.436032	0.00264766
0.814935	0.60718	-0.441358	0.00236692
0.776764	0.615256	-0.441545	0.00226749
0.776764	0.615256	-0.441545	0.00226749
0.766418	0.621014	-0.442492	0.00163282
0.799556	0.615096	-0.441158	0.00252843
0.801316	0.61408	-0.445171	0.00242635
0.801316	0.61408	-0.445171	0.00242635
0.809305	0.646315	-0.44089	0.00317563
0.809305	0.646315	-0.44089	0.00317563
0.84539	0.613964	-0.443918	0.00187995
0.84539	0.613964	-0.443918	0.00187995
0.821252	0.641783	-0.438109	0.00313052
0.821252	0.641783	-0.438109	0.00313052
0.794265	0.646769	-0.4399	0.00287605
0.776566	0.618676	-0.443271	0.00206313
0.767936	0.627741	-0.437367	0.00275622
0.767936	0.627741	-0.437367	0.00275622
0.767936	0.627741	-0.437367	0.00275622
0.788385	0.651997	-0.434005	0.00368898
0.823499	0.655493	-0.430548	0.00367787
0.833765	0.65764	-0.421396	0.00433256
0.826799	0.625844	-0.437732	0.00289289
0.826799	0.625844	-0.437732	0.00289289
0.789613	0.634117	-0.441052	0.00255335
0.755639	0.641207	-0.438488	0.00260479
0.784178	0.638072	-0.44336	0.00292502
0.759697	0.623155	-0.435042	0.0022255
0.740387	0.60768	-0.430519	0.00244867
0.740387	0.60768	-0.430519	0.00244867
0.740387	0.60768	-0.430519	0.00244867
0.76317	0.604928	-0.43918	0.00214825
0.727643	0.615195	-0.43026	0.00254251
0.762832	0.583958	-0.428158	0.00302113
0.754177	0.588024	-0.43223	0.00218213
0.763159	0.609789	-0.43906	0.00256761
0.781983	0.612124	-0.443215	0.00255945
0.756694	0.619584	-0.438731	0.00216134
0.748785	0.641585	-0.435352	0.00294344
0.78175	0.634944	-0.441648	0.00250426
0.783398	0.609573	-0.443022	0.00232636
0.783398	0.609573	-0.443022	0.00232636
0.797128	0.646378	-0.439921	0.00293403
0.797128	0.646378	-0.439921	0.00293403
0.7661	0.631009	-0.439138	0.00218466
0.79362	0.655982	-0.433033	0.00335038
0.79362	0.655982	-0.433033	0.00335038
0.761444	0.621541	-0.442042	0.00187271
0.794882	0.65329	-0.433969	0.00385045
0.794882	0.65329	-0.433969	0.00385045
0.771601	0.639973	-0.436225	0.00284528
0.771601	0.639973	-0.436225	0.00284528
0.763144	0.630462	-0.437966	0.00290673
0.764799	0.601393	-0.436789	0.00230176
0.772384	0.617904	-0.443093	0.00219305
0.772384	0.617904	-0.443093	0.00219305
0.799911	0.612227	-0.450627	0.00259193
0.799911	0.612227	-0.450627	0.00259193
0.811427	0.614591	-0.446375	0.0023453
0.819538	0.58931	-0.438469	0.00240495
0.808747	0.604848	-0.440158	0.00239074
0.794753	0.609894	-0.442291	0.00238441
0.794753	0.609894	-0.442291	0.00238441
0.827367	0.640403	-0.434956	0.0030927
0.813495	0.654568	-0.429487	0.00360704
0.827005	0.647454	-0.433343	0.00372756
0.827005	0.647454	-0.433343	0.00372756
0.793556	0.653755	-0.436205	0.00271408
0.775232	0.623042	-0.441964	0.00239103
0.78984	0.59666	-0.442847	0.00236403
0.801346	0.627487	-0.442209	0.00274414
0.835571	0.605344	-0.440086	0.00280403
0.806551	0.618526	-0.447093	0.00211883
0.813025	0.651686	-0.438735	0.00320779
0.832106	0.634592	-0.438399	0.0025579
0.832106	0.634592	-0.438399	0.0025579
0.832106	0.634592	-0.438399	0.0025579
0.832106	0.634592	-0.438399	0.0025579
0.799344	0.644981	-0.441473	0.00274769
0.789483	0.675879	-0.427005	0.00366794
0.789483	0.675879	-0.427005	0.00366794
0.779581	0.686885	-0.421903	0.0038081
0.764004	0.685087	-0.424082	0.00346916
0.764004	0.685087	-0.424082	0.00346916
0.768099	0.695001	-0.414669	0.00370588
0.802534	0.669875	-0.426105	0.00400095
0.836091	0.655729	-0.425328	0.00437753
0.836091	0.655729	-0.425328	0.00437753
0.822201	0.628957	-0.439736	0.00237887
0.818467	0.602856	-0.442874	0.00253034
0.818467	0.602856	-0.442874	0.00253034
0.782966	0.58953	-0.438123	0.00217427
0.782966	0.58953	-0.438123	0.00217427
0.782966	0.58953	-0.438123	0.00217427
0.747144	0.599962	-0.431609	0.00205241
0.747144	0.599962	-0.431609	0.00205241
0.766771	0.619561	-0.439416	0.0026425
0.766771	0.619561	-0.439416	0.0026425
0.790158	0.615908	-0.444457	0.00223321
0.790158	0.615908	-0.444457	0.00223321
0.785786	0.620238	-0.440002	0.00305679
0.816697	0.634488	-0.442104	0.0031438
0.816697	0.634488	-0.442104	0.0031438
0.816697	0.634488	-0.442104	0.0031438
0.805843	0.620578	-0.443247	0.00240572
0.812016	0.604281	-0.441429	0.00304316
0.800134	0.631914	-0.443139	0.00259256
0.800134	0.631914	-0.443139	0.00259256
0.801644	0.60614	-0.444994	0.00234148
0.835173	0.633435	-0.44114	0.00279339
0.835173	0.633435	-0.44114	0.00279339
0.835173	0.633435	-0.44114	0.00279339
0.835173	0.633435	-0.44114	0.00279339
0.835173	0.633435	-0.44114	0.00279339
0.835173	0.633435	-0.44114	0.00279339
0.862476	0.631242	-0.431971	0.00375937
0.85701	0.608083	-0.433804	0.00293371
0.852185	0.620938	-0.43796	0.00271515
0.835438	0.637707	-0.4319	0.00364459
0.865005	0.612637	-0.432555	0.0029044
0.860953	0.632509	-0.428195	0.00377681
0.853599	0.599225	-0.430518	0.00247455
0.853599	0.599225	-0.430518	0.00247455
0.856863	0.614955	-0.433941	0.00234561
0.856863	0.614955	-0.433941	0.00234561
0.856033	0.623411	-0.434354	0.00279766
0.848102	0.617034	-0.433662	0.00246609
0.848102	0.617034	-0.433662	0.00246609
0.842963	0.600322	-0.432621	0.00288965
0.830983	0.630649	-0.444487	0.0025505
0.821905	0.626554	-0.441762	0.00274967
0.792048	0.614169	-0.444326	0.00245213
0.792048	0.614169	-0.444326	0.00245213
0.792048	0.614169	-0.444326	0.00245213
0.792048	0.614169	-0.444326	0.00245213
0.777475	0.605297	-0.442256	0.00226277
0.801409	0.578282	-0.436026	0.00309664
0.801409	0.578282	-0.436026	0.00309664
0.82724	0.59709	-0.434699	0.00248368
0.795317	0.567374	-0.424614	0.00247879
0.795317	0.567374	-0.424614	0.00247879
0.822667	0.596772	-0.437309	0.00274208
0.826111	0.629285	-0.442276	0.00272227
0.826111	0.629285	-0.442276	0.00272227
0.826111	0.629285	-0.442276	0.00272227
0.806712	0.645921	-0.439014	0.00339611
0.81936	0.639019	-0.443088	0.00260109
0.813096	0.614787	-0.442448	0.00262615
0.820589	0.634386	-0.441024	0.00288798
0.793154	0.652099	-0.439378	0.00369768
0.81852	0.643012	-0.44077	0.00345814
0.81852	0.643012	-0.44077	0.00345814
0.847512	0.621145	-0.43313	0.00313447
0.847512	0.621145	-0.43313	0.00313447
0.850939	0.634882	-0.432735	0.0035782
0.850939	0.634882	-0.432735	0.0035782
0.844374	0.609263	-0.442359	0.00268258
0.844374	0.609263	-0.442359	0.00268258
0.844374	0.609263	-0.442359	0.00268258
0.844374	0.609263	-0.442359	0.00268258
0.844374	0.609263	-0.442359	0.00268258
0.844374	0.609263	-0.442359	0.00268258
0.844374	0.609263	-0.442359	0.00268258
0.844374	0.609263	-0.442359	0.00268258
0.844374	0.609263	-0.442359	0.00268258
0.813969	0.619575	-0.442203	0.00263268
0.814118	0.611933	-0.442837	0.00240252
0.798178	0.627078	-0.445112	0.00239319
0.79811	0.634371	-0.442247	0.00279261
0.79811	0.634371	-0.442247	0.00279261
0.79811	0.634371	-0.442247	0.00279261
0.79811	0.634371	-0.442247	0.00279261
0.784191	0.611775	-0.443905	0.0019708
0.804903	0.61552	-0.446457	0.00286215
0.816536	0.613431	-0.444729	0.00239225
0.816536	0.613431	-0.444729	0.00239225
0.789832	0.601743	-0.442642	0.00224492
0.797149	0.633534	-0.44599	0.00227109
0.797149	0.633534	-0.44599	0.00227109
0.797149	0.633534	-0.44599	0.00227109
0.797149	0.633534	-0.44599	0.00227109
0.797149	0.633534	-0.44599	0.00227109
0.797149	0.633534	-0.44599	0.00227109
0.789841	0.621667	-0.442976	0.00270811
0.789841	0.621667	-0.442976	0.00270811
0.791585	0.633655	-0.440708	0.00247407
0.767622	0.608317	-0.443426	0.00198009
0.767622	0.608317	-0.443426	0.00198009
0.767622	0.608317	-0.443426	0.00198009
0.787537	0.618387	-0.446426	0.00227615
0.787537	0.618387	-0.446426	0.00227615
0.787537	0.618387	-0.446426	0.00227615
0.757502	0.603558	-0.434359	0.00219065
0.757502	0.603558	-0.434359	0.00219065
0.757502	0.603558	-0.434359	0.00219065
0.740206	0.601199	-0.432239	0.00241443
0.740206	0.601199	-0.432239	0.00241443
0.770905	0.581198	-0.431384	0.00229732
0.766908	0.61271	-0.439632	0.00223957
0.735768	0.608997	-0.424014	0.00299655
0.74704	0.577822	-0.427368	0.00295165
0.74704	0.577822	-0.427368	0.00295165
0.74704	0.577822	-0.427368	0.00295165
0.74704	0.577822	-0.427368	0.00295165
0.759005	0.573476	-0.428492	0.00314738
0.768044	0.593403	-0.436592	0.00210944
0.746608	0.613279	-0.434228	0.00208758
0.761754	0.600498	-0.441424	0.00224054
0.761754	0.600498	-0.441424	0.00224054
0.761754	0.600498	-0.441424	0.00224054
0.761754	0.600498	-0.441424	0.00224054
0.761754	0.600498	-0.441424	0.00224054
0.761754	0.600498	-0.441424	0.00224054
0.761754	0.600498	-0.441424	0.00224054
0.761754	0.600498	-0.441424	0.00224054
0.781801	0.616139	-0.4443	0.00240348
0.804363	0.589333	-0.437089	0.0028489
0.804363	0.589333	-0.437089	0.0028489
0.795316	0.583745	-0.436542	0.00287644
0.799157	0.580652	-0.430666	0.00251444
0.792035	0.582808	-0.438622	0.00244323
0.792035	0.582808	-0.438622	0.00244323
0.792035	0.582808	-0.438622	0.00244323
0.792035	0.582808	-0.438622	0.00244323
0.814162	0.603077	-0.442509	0.00190831
0.826277	0.614298	-0.445697	0.00225747
0.826277	0.614298	-0.445697	0.00225747
0.820094	0.619932	-0.445667	0.00257786
0.820094	0.619932	-0.445667	0.00257786
0.820094	0.619932	-0.445667	0.00257786
0.820094	0.619932	-0.445667	0.00257786
0.820094	0.619932	-0.445667	0.00257786
0.820094	0.619932	-0.445667	0.00257786
0.820094	0.619932	-0.445667	0.00257786
0.820094	0.619932	-0.445667	0.00257786
0.820094	0.619932	-0.445667	0.00257786
0.820094	0.619932	-0.445667	0.00257786
0.820094	0.619932	-0.445667	0.00257786
0.820094	0.619932	-0.445667	0.00257786
0.794973	0.631143	-0.444615	0.0025123
0.794973	0.631143	-0.444615	0.0025123
0.794973	0.631143	-0.444615	0.0025123
0.79816	0.638929	-0.440552	0.0031253
0.79816	0.638929	-0.440552	0.0031253
0.786692	0.622068	-0.442034	0.00256844
0.78847	0.631818	-0.444309	0.0026065
0.788481	0.619836	-0.442564	0.00259582
0.788481	0.619836	-0.442564	0.00259582
0.809348	0.637159	-0.444272	0.00306572
0.809348	0.637159	-0.444272	0.00306572
0.827868	0.631357	-0.445445	0.00290804
0.827868	0.631357	-0.445445	0.00290804
0.827868	0.631357	-0.445445	0.00290804
0.838299	0.630208	-0.436991	0.00311982
0.811644	0.61099	-0.441302	0.00267468
0.811644	0.61099	-0.441302	0.00267468
0.819627	0.621325	-0.440865	0.00276817
0.817839	0.600234	-0.441063	0.00328486
0.817683	0.597502	-0.44117	0.0022941
0.806203	0.596496	-0.441788	0.00214284
0.800429	0.605915	-0.447101	0.00179388
0.791082	0.617366	-0.442065	0.00264967
0.791082	0.617366	-0.442065	0.00264967
0.805202	0.638011	-0.439612	0.00268347
0.805202	0.638011	-0.439612	0.00268347
0.782217	0.653079	-0.442652	0.00232808
0.782217	0.653079	-0.442652	0.00232808
0.78867	0.639356	-0.443694	0.00214498
0.78867	0.639356	-0.443694	0.00214498
0.763959	0.638646	-0.444417	0.00210824
0.763959	0.638646	-0.444417	0.00210824
0.763959	0.638646	-0.444417	0.00210824
0.763959	0.638646	-0.444417	0.00210824
0.763959	0.638646	-0.444417	0.00210824
0.763959	0.638646	-0.444417	0.00210824
0.780003	0.655134	-0.435674	0.00272236
0.77204	0.63831	-0.440511	0.0017911
0.782289	0.615618	-0.440529	0.00246162
0.782289	0.615618	-0.440529	0.00246162
0.782289	0.615618	-0.440529	0.00246162
0.755552	0.58702	-0.430778	0.00230398
0.755552	0.58702	-0.430778	0.00230398
0.783399	0.60756	-0.439505	0.0023056
0.785831	0.585779	-0.439878	0.00243932
0.785831	0.585779	-0.439878	0.00243932
0.809883	0.601869	-0.447569	0.00195115
0.809883	0.601869	-0.447569	0.00195115
0.810428	0.620884	-0.446243	0.00208879
0.790924	0.601047	-0.445012	0.00224253
0.790924	0.601047	-0.445012	0.00224253
0.790924	0.601047	-0.445012	0.00224253
0.778135	0.625325	-0.44506	0.00152669
0.778135	0.625325	-0.44506	0.00152669
0.778135	0.625325	-0.44506	0.00152669
0.778504	0.613159	-0.444233	0.00239378
0.778504	0.613159	-0.444233	0.00239378
0.804576	0.641866	-0.448072	0.00232189
0.804576	0.641866	-0.448072	0.00232189
0.804576	0.641866	-0.448072	0.00232189
0.804576	0.641866	-0.448072	0.00232189
0.804576	0.641866	-0.448072	0.00232189
0.804576	0.641866	-0.448072	0.00232189
0.804576	0.641866	-0.448072	0.00232189
0.804576	0.641866	-0.448072	0.00232189
0.792217	0.627699	-0.444114	0.0026037
0.780004	0.604284	-0.44303	0.00213741
0.780004	0.604284	-0.44303	0.00213741
0.780004	0.604284	-0.44303	0.00213741
0.780004	0.604284	-0.44303	0.00213741
0.780004	0.604284	-0.44303	0.00213741
0.763899	0.606298	-0.439478	0.00231662
0.747749	0.605222	-0.433247	0.00199924
0.750143	0.595308	-0.432508	0.00179457
0.750792	0.594265	-0.430341	0.00181799
0.757965	0.618345	-0.435777	0.00188581
0.782289	0.601505	-0.443369	0.00222052
0.782289	0.601505	-0.443369	0.00222052
0.782289	0.601505	-0.443369	0.00222052
0.806042	0.616157	-0.448765	0.00236703
0.806042	0.616157	-0.448765	0.00236703
0.806042	0.616157	-0.448765	0.00236703
0.806042	0.616157	-0.448765	0.00236703
0.806042	0.616157	-0.448765	0.00236703
0.806042	0.616157	-0.448765	0.00236703
0.806042	0.616157	-0.448765	0.00236703
0.806042	0.616157	-0.448765	0.00236703
0.806042	0.616157	-0.448765	0.00236703
0.806042	0.616157	-0.448765	0.00236703
0.801249	0.596237	-0.44066	0.00238491
0.801249	0.596237	-0.44066	0.00238491
0.801249	0.596237	-0.44066	0.00238491
0.801249	0.596237	-0.44066	0.00238491
0.801249	0.596237	-0.44066	0.00238491
0.806985	0.610625	-0.442105	0.00243059
0.806985	0.610625	-0.442105	0.00243059
0.78648	0.597824	-0.443544	0.00215869
0.78648	0.597824	-0.443544	0.00215869
0.78648	0.597824	-0.443544	0.00215869
0.78648	0.597824	-0.443544	0.00215869
0.796644	0.615453	-0.444991	0.00254319
0.789203	0.613304	-0.449428	0.00224941
0.789203	0.613304	-0.449428	0.00224941
0.789203	0.613304	-0.449428	0.00224941
0.784776	0.620393	-0.444638	0.00207107
0.800835	0.618484	-0.446881	0.00257724
0.800835	0.618484	-0.446881	0.00257724
0.800835	0.618484	-0.446881	0.00257724
0.800835	0.618484	-0.446881	0.00257724
0.807508	0.621891	-0.445752	0.00211746
0.834154	0.626948	-0.441923	0.00259626
0.806742	0.62805	-0.443901	0.00197646
0.829113	0.601904	-0.442975	0.00214946
0.829113	0.601904	-0.442975	0.00214946
0.829113	0.601904	-0.442975	0.00214946
0.829113	0.601904	-0.442975	0.00214946
0.829113	0.601904	-0.442975	0.00214946
0.803451	0.623695	-0.445255	0.00280251
0.789399	0.622674	-0.444315	0.00228714
0.789399	0.622674	-0.444315	0.00228714
0.789399	0.622674	-0.444315	0.00228714
0.796489	0.645135	-0.443623	0.00257737
0.796489	0.645135	-0.443623	0.00257737
0.796489	0.645135	-0.443623	0.00257737
0.822509	0.639375	-0.442138	0.00251763
0.822509	0.639375	-0.442138	0.00251763
0.819224	0.612236	-0.443335	0.0026487
0.802442	0.626261	-0.443337	0.00253509
0.786876	0.613216	-0.444328	0.00253486
0.786876	0.613216	-0.444328	0.00253486
0.786876	0.613216	-0.444328	0.00253486
0.786876	0.613216	-0.444328	0.00253486
0.786876	0.613216	-0.444328	0.00253486
0.786876	0.613216	-0.444328	0.00253486
0.786876	0.613216	-0.444328	0.00253486
0.786876	0.613216	-0.444328	0.00253486
0.786876	0.613216	-0.444328	0.00253486
0.779049	0.626585	-0.444971	0.00240961
0.779049	0.626585	-0.444971	0.00240961
0.779049	0.626585	-0.444971	0.00240961
0.779049	0.626585	-0.444971	0.00240961
0.779049	0.626585	-0.444971	0.00240961
0.779049	0.626585	-0.444971	0.00240961
0.779049	0.626585	-0.444971	0.00240961
0.779049	0.626585	-0.444971	0.00240961
0.780823	0.613686	-0.445053	0.00223287
0.780823	0.613686	-0.445053	0.00223287
0.790098	0.629716	-0.447845	0.00207719
0.790098	0.629716	-0.447845	0.00207719
0.790098	0.629716	-0.447845	0.00207719
0.790098	0.629716	-0.447845	0.00207719
0.790098	0.629716	-0.447845	0.00207719
0.790098	0.629716	-0.447845	0.00207719
0.790098	0.629716	-0.447845	0.00207719
0.790098	0.629716	-0.447845	0.00207719
0.790098	0.629716	-0.447845	0.00207719
0.81568	0.613867	-0.449282	0.00237265
0.81568	0.613867	-0.449282	0.00237265
0.81568	0.613867	-0.449282	0.00237265
0.81568	0.613867	-0.449282	0.00237265
0.81568	0.613867	-0.449282	0.00237265
0.81568	0.613867	-0.449282	0.00237265
0.81568	0.613867	-0.449282	0.00237265
0.81568	0.613867	-0.449282	0.00237265
0.81568	0.613867	-0.449282	0.00237265
0.81568	0.613867	-0.449282	0.00237265
0.81568	0.613867	-0.449282	0.00237265
0.81568	0.613867	-0.449282	0.00237265
0.815224	0.623422	-0.444194	0.00284416
0.815224	0.623422	-0.444194	0.00284416
0.802128	0.633161	-0.439757	0.00331221
0.82214	0.618644	-0.440666	0.00260671
0.828019	0.625642	-0.4427	0.00255835
0.828019	0.625642	-0.4427	0.00255835
0.828019	0.625642	-0.4427	0.00255835
0.836488	0.629905	-0.441247	0.00300943
0.836488	0.629905	-0.441247	0.00300943
0.836488	0.629905	-0.441247	0.00300943
0.819191	0.639863	-0.437559	0.00363165
0.819191	0.639863	-0.437559	0.00363165
0.838521	0.632464	-0.437195	0.00289417
0.848315	0.648176	-0.43216	0.0028749
0.826606	0.636626	-0.441207	0.00285328
0.843268	0.63639	-0.435188	0.00277691
0.843268	0.63639	-0.435188	0.00277691
0.843268	0.63639	-0.435188	0.00277691
0.82596	0.610551	-0.439927	0.00259828
0.83516	0.608575	-0.445579	0.00250841
0.81155	0.604681	-0.443506	0.00242544
0.81155	0.604681	-0.443506	0.00242544
0.81155	0.604681	-0.443506	0.00242544
0.788558	0.62487	-0.442494	0.00225634
0.788558	0.62487	-0.442494	0.00225634
0.795414	0.60767	-0.445401	0.00210401
0.807319	0.609826	-0.445554	0.0027498
0.813825	0.618666	-0.445667	0.00247035
0.813825	0.618666	-0.445667	0.00247035
0.813825	0.618666	-0.445667	0.00247035
0.813825	0.618666	-0.445667	0.00247035
0.813825	0.618666	-0.445667	0.00247035
0.813825	0.618666	-0.445667	0.00247035
0.813825	0.618666	-0.445667	0.00247035
0.79907	0.610564	-0.445923	0.0020998
0.773992	0.631346	-0.440155	0.00286304
0.773992	0.631346	-0.440155	0.00286304
0.757493	0.620277	-0.436791	0.00222984
0.775846	0.616835	-0.440718	0.00204358
0.767496	0.634593	-0.438434	0.00236038
0.787223	0.631947	-0.439909	0.00267195
0.809227	0.60877	-0.445626	0.00237668
0.809227	0.60877	-0.445626	0.00237668
0.809227	0.60877	-0.445626	0.00237668
0.809227	0.60877	-0.445626	0.00237668
0.815336	0.62544	-0.44987	0.00256082
0.815336	0.62544	-0.44987	0.00256082
0.815336	0.62544	-0.44987	0.00256082
0.815336	0.62544	-0.44987	0.00256082
0.815336	0.62544	-0.44987	0.00256082
0.815336	0.62544	-0.44987	0.00256082
0.815336	0.62544	-0.44987	0.00256082
0.815336	0.62544	-0.44987	0.00256082
0.815336	0.62544	-0.44987	0.00256082
0.815336	0.62544	-0.44987	0.00256082
0.815336	0.62544	-0.44987	0.00256082
0.815336	0.62544	-0.44987	0.00256082
0.815336	0.62544	-0.44987	0.00256082
0.815336	0.62544	-0.44987	0.00256082
0.815336	0.62544	-0.44987	0.00256082
0.815336	0.62544	-0.44987	0.00256082
0.815336	0.62544	-0.44987	0.00256082
0.815336	0.62544	-0.44987	0.00256082
0.815336	0.62544	-0.44987	0.00256082
0.815336	0.62544	-0.44987	0.00256082
0.815336	0.62544	-0.44987	0.00256082
0.815336	0.62544	-0.44987	0.00256082
0.815336	0.62544	-0.44987	0.00256082
0.815336	0.62544	-0.44987	0.00256082
0.815336	0.62544	-0.44987	0.00256082
0.815336	0.62544	-0.44987	0.00256082
0.815336	0.62544	-0.44987	0.00256082
0.815336	0.62544	-0.44987	0.00256082
0.815336	0.62544	-0.44987	0.00256082
0.815336	0.62544	-0.44987	0.00256082
0.815336	0.62544	-0.44987	0.00256082
0.815336	0.62544	-0.44987	0.00256082
0.815336	0.62544	-0.44987	0.00256082
0.815336	0.62544	-0.44987	0.00256082
0.806372	0.619809	-0.4441	0.00239421
0.806372	0.619809	-0.4441	0.00239421
0.806372	0.619809	-0.4441	0.00239421
0.783905	0.631702	-0.443936	0.00242396
0.789593	0.622101	-0.444148	0.00221722
0.79796	0.621517	-0.442179	0.00233452
0.79796	0.621517	-0.442179	0.00233452
0.79796	0.621517	-0.442179	0.00233452
0.805262	0.615061	-0.441439	0.00254278
0.783558	0.596526	-0.444069	0.0020473
0.783558	0.596526	-0.444069	0.0020473
0.783558	0.596526	-0.444069	0.0020473
0.783558	0.596526	-0.444069	0.0020473
0.783558	0.596526	-0.444069	0.0020473
0.783558	0.596526	-0.444069	0.0020473
0.783558	0.596526	-0.444069	0.0020473
0.783558	0.596526	-0.444069	0.0020473
0.777473	0.609891	-0.443519	0.00225564
0.777473	0.609891	-0.443519	0.00225564
0.777473	0.609891	-0.443519	0.00225564
0.777473	0.609891	-0.443519	0.00225564
0.777473	0.609891	-0.443519	0.00225564
0.777473	0.609891	-0.443519	0.00225564
0.777473	0.609891	-0.443519	0.00225564
0.777473	0.609891	-0.443519	0.00225564
0.777473	0.609891	-0.443519	0.00225564
0.771232	0.62828	-0.444538	0.00210381
0.771232	0.62828	-0.444538	0.00210381
0.771232	0.62828	-0.444538	0.00210381
0.771232	0.62828	-0.444538	0.00210381
0.771232	0.62828	-0.444538	0.00210381
0.771232	0.62828	-0.444538	0.00210381
0.771232	0.62828	-0.444538	0.00210381
0.771232	0.62828	-0.444538	0.00210381
0.771232	0.62828	-0.444538	0.00210381
0.771232	0.62828	-0.444538	0.00210381
0.771232	0.62828	-0.444538	0.00210381
0.771232	0.62828	-0.444538	0.00210381
0.794463	0.627192	-0.446958	0.00235173
0.794463	0.627192	-0.446958	0.00235173
0.794463	0.627192	-0.446958	0.00235173
0.794463	0.627192	-0.446958	0.00235173
0.794463	0.627192	-0.446958	0.00235173
0.794463	0.627192	-0.446958	0.00235173
0.794463	0.627192	-0.446958	0.00235173
0.793381	0.608557	-0.446704	0.00200567
0.793381	0.608557	-0.446704	0.00200567
0.793381	0.608557	-0.446704	0.00200567
0.793381	0.608557	-0.446704	0.00200567
0.793381	0.608557	-0.446704	0.00200567
0.793381	0.608557	-0.446704	0.00200567
0.793381	0.608557	-0.446704	0.00200567
0.793381	0.608557	-0.446704	0.00200567
0.793381	0.608557	-0.446704	0.00200567
0.793381	0.608557	-0.446704	0.00200567
0.809419	0.613619	-0.451766	0.00236929
0.809419	0.613619	-0.451766	0.00236929
0.809419	0.613619	-0.451766	0.00236929
0.809419	0.613619	-0.451766	0.00236929
0.809419	0.613619	-0.451766	0.00236929
0.809419	0.613619	-0.451766	0.00236929
0.809419	0.613619	-0.451766	0.00236929
0.809419	0.613619	-0.451766	0.00236929
0.809419	0.613619	-0.451766	0.00236929
0.809419	0.613619	-0.451766	0.00236929
0.809419	0.613619	-0.451766	0.00236929
0.809419	0.613619	-0.451766	0.00236929
0.809419	0.613619	-0.451766	0.00236929
0.809419	0.613619	-0.451766	0.00236929
0.809419	0.613619	-0.451766	0.00236929
0.809419	0.613619	-0.451766	0.00236929
0.809419	0.613619	-0.451766	0.00236929
0.809419	0.613619	-0.451766	0.00236929
0.809419	0.613619	-0.451766	0.00236929
0.809419	0.613619	-0.451766	0.00236929
0.809419	0.613619	-0.451766	0.00236929
0.809419	0.613619	-0.451766	0.00236929
0.828614	0.631356	-0.441814	0.00240221
0.828614	0.631356	-0.441814	0.00240221
0.828614	0.631356	-0.441814	0.00240221
0.828614	0.631356	-0.441814	0.00240221
0.828614	0.631356	-0.441814	0.00240221
0.840247	0.612313	-0.443993	0.00249029
0.82426	0.610876	-0.440618	0.00220641
0.82426	0.610876	-0.440618	0.00220641
0.818862	0.592238	-0.438059	0.00263659
0.812847	0.586645	-0.440266	0.00301209
0.812847	0.586645	-0.440266	0.00301209
0.812847	0.586645	-0.440266	0.00301209
0.812847	0.586645	-0.440266	0.00301209
0.791542	0.602136	-0.445486	0.00239184
0.791542	0.602136	-0.445486	0.00239184
0.791542	0.602136	-0.445486	0.00239184
0.791542	0.602136	-0.445486	0.00239184
0.791542	0.602136	-0.445486	0.00239184
0.791542	0.602136	-0.445486	0.00239184
0.791542	0.602136	-0.445486	0.00239184
0.791542	0.602136	-0.445486	0.00239184
0.786455	0.60768	-0.44363	0.00233424
0.786455	0.60768	-0.44363	0.00233424
0.786455	0.60768	-0.44363	0.00233424
0.801367	0.602594	-0.44346	0.00207187
0.801367	0.602594	-0.44346	0.00207187
0.807395	0.599149	-0.442693	0.0023862
0.810134	0.60604	-0.442405	0.00213199
0.810134	0.60604	-0.442405	0.00213199
0.810134	0.60604	-0.442405	0.00213199
0.810134	0.60604	-0.442405	0.00213199
0.810134	0.60604	-0.442405	0.00213199
0.810134	0.60604	-0.442405	0.00213199
0.822129	0.601517	-0.441568	0.00270434
0.822129	0.601517	-0.441568	0.00270434
0.822129	0.601517	-0.441568	0.00270434
0.822129	0.601517	-0.441568	0.00270434
0.822129	0.601517	-0.441568	0.00270434
0.822129	0.601517	-0.441568	0.00270434
0.822129	0.601517	-0.441568	0.00270434
0.802387	0.608867	-0.443727	0.00227338
0.806067	0.598034	-0.442879	0.00222259
0.806067	0.598034	-0.442879	0.00222259
0.790511	0.602494	-0.443456	0.00233589
0.790511	0.602494	-0.443456	0.00233589
0.791547	0.603159	-0.443097	0.00188308
0.796686	0.602448	-0.444937	0.00240258
0.797018	0.602683	-0.443228	0.00177053
0.807221	0.624307	-0.444804	0.00257496
0.825624	0.626167	-0.444278	0.00209387
0.817898	0.613633	-0.445457	0.0019032
0.821802	0.607199	-0.4461	0.00202795
0.821802	0.607199	-0.4461	0.00202795
0.821802	0.607199	-0.4461	0.00202795
0.821802	0.607199	-0.4461	0.00202795
0.821802	0.607199	-0.4461	0.00202795
0.821802	0.607199	-0.4461	0.00202795
0.821802	0.607199	-0.4461	0.00202795
0.821802	0.607199	-0.4461	0.00202795
0.821802	0.607199	-0.4461	0.00202795
0.821802	0.607199	-0.4461	0.00202795
0.821802	0.607199	-0.4461	0.00202795
0.821802	0.607199	-0.4461	0.00202795
0.821802	0.607199	-0.4461	0.00202795
0.821802	0.607199	-0.4461	0.00202795
0.821802	0.607199	-0.4461	0.00202795
0.821802	0.607199	-0.4461	0.00202795
0.824367	0.605399	-0.443881	0.00223692
0.809398	0.615063	-0.444924	0.00213839
0.809398	0.615063	-0.444924	0.00213839
0.809398	0.615063	-0.444924	0.00213839
0.809398	0.615063	-0.444924	0.00213839
0.809398	0.615063	-0.444924	0.00213839
0.809398	0.615063	-0.444924	0.00213839
0.800338	0.606321	-0.446708	0.00229936
0.800338	0.606321	-0.446708	0.00229936
0.821863	0.60149	-0.445405	0.00214541
0.821863	0.60149	-0.445405	0.00214541
0.808457	0.617409	-0.447122	0.00238357
0.808457	0.617409	-0.447122	0.00238357
0.808457	0.617409	-0.447122	0.00238357
0.815828	0.610755	-0.442334	0.00239639
0.815828	0.610755	-0.442334	0.00239639
0.815828	0.610755	-0.442334	0.00239639
0.815828	0.610755	-0.442334	0.00239639
0.815828	0.610755	-0.442334	0.00239639
0.80859	0.610161	-0.442848	0.00221078
0.812759	0.605736	-0.445446	0.00245523
0.791737	0.602132	-0.444831	0.00230333
0.786527	0.618616	-0.444515	0.002432
0.786527	0.618616	-0.444515	0.002432
0.786527	0.618616	-0.444515	0.002432
0.786527	0.618616	-0.444515	0.002432
0.786527	0.618616	-0.444515	0.002432
0.786527	0.618616	-0.444515	0.002432
0.786527	0.618616	-0.444515	0.002432
0.786527	0.618616	-0.444515	0.002432
0.775403	0.621181	-0.442681	0.00187986
0.775403	0.621181	-0.442681	0.00187986
0.775403	0.621181	-0.442681	0.00187986
0.788991	0.634951	-0.439093	0.00313556
0.770422	0.621498	-0.440581	0.00257368
0.770422	0.621498	-0.440581	0.00257368
0.757065	0.626444	-0.43818	0.00246313
0.773464	0.625087	-0.441629	0.00220625
0.791245	0.623282	-0.445079	0.00245571
0.791245	0.623282	-0.445079	0.00245571
0.810217	0.613519	-0.444242	0.00238586
0.810217	0.613519	-0.444242	0.00238586
0.810217	0.613519	-0.444242	0.00238586
0.810217	0.613519	-0.444242	0.00238586
0.810217	0.613519	-0.444242	0.00238586
0.816671	0.619113	-0.445532	0.00233123
0.816671	0.619113	-0.445532	0.00233123
0.816671	0.619113	-0.445532	0.00233123
0.798946	0.620303	-0.449653	0.00198347
0.798946	0.620303	-0.449653	0.00198347
0.798946	0.620303	-0.449653	0.00198347
0.798946	0.620303	-0.449653	0.00198347
0.798946	0.620303	-0.449653	0.00198347
0.798946	0.620303	-0.449653	0.00198347
0.798946	0.620303	-0.449653	0.00198347
0.798946	0.620303	-0.449653	0.00198347
0.798946	0.620303	-0.449653	0.00198347
0.798946	0.620303	-0.449653	0.00198347
0.798946	0.620303	-0.449653	0.00198347
0.798946	0.620303	-0.449653	0.00198347
0.798946	0.620303	-0.449653	0.00198347
0.798946	0.620303	-0.449653	0.00198347
0.798946	0.620303	-0.449653	0.00198347
0.798946	0.620303	-0.449653	0.00198347
0.798946	0.620303	-0.449653	0.00198347
0.798946	0.620303	-0.449653	0.00198347
0.798946	0.620303	-0.449653	0.00198347
0.798946	0.620303	-0.449653	0.00198347
0.798946	0.620303	-0.449653	0.00198347
0.798946	0.620303	-0.449653	0.00198347
0.798946	0.620303	-0.449653	0.00198347
0.798946	0.620303	-0.449653	0.00198347
0.798946	0.620303	-0.449653	0.00198347
0.798946	0.620303	-0.449653	0.00198347
0.798946	0.620303	-0.449653	0.00198347
0.798946	0.620303	-0.449653	0.00198347
0.79779	0.624922	-0.447673	0.00265042
0.79779	0.624922	-0.447673	0.00265042
0.79779	0.624922	-0.447673	0.00265042
0.79779	0.624922	-0.447673	0.00265042
0.79779	0.624922	-0.447673	0.00265042
0.79779	0.624922	-0.447673	0.00265042
0.79779	0.624922	-0.447673	0.00265042
0.79779	0.624922	-0.447673	0.00265042
0.805614	0.624889	-0.443841	0.00243684
0.812378	0.606911	-0.44607	0.00197171
0.812378	0.606911	-0.44607	0.00197171
0.812378	0.606911	-0.44607	0.00197171
0.812378	0.606911	-0.44607	0.00197171
0.812378	0.606911	-0.44607	0.00197171
0.812378	0.606911	-0.44607	0.00197171
0.799675	0.623331	-0.447126	0.00248758
0.799675	0.623331	-0.447126	0.00248758
0.799675	0.623331	-0.447126	0.00248758
0.799675	0.623331	-0.447126	0.00248758
0.799675	0.623331	-0.447126	0.00248758
0.799675	0.623331	-0.447126	0.00248758
0.799675	0.623331	-0.447126	0.00248758
0.799675	0.623331	-0.447126	0.00248758
0.793833	0.612541	-0.44586	0.00204497
0.793833	0.612541	-0.44586	0.00204497
0.787697	0.617078	-0.445446	0.00212159
0.787697	0.617078	-0.445446	0.00212159
0.787697	0.617078	-0.445446	0.00212159
0.787697	0.617078	-0.445446	0.00212159
0.787697	0.617078	-0.445446	0.00212159
0.787697	0.617078	-0.445446	0.00212159
0.787697	0.617078	-0.445446	0.00212159
0.787697	0.617078	-0.445446	0.00212159
0.787697	0.617078	-0.445446	0.00212159
0.781462	0.602538	-0.443809	0.00209232
0.781462	0.602538	-0.443809	0.00209232
0.767627	0.603212	-0.444416	0.00165863
0.767627	0.603212	-0.444416	0.00165863
0.767627	0.603212	-0.444416	0.00165863
0.767627	0.603212	-0.444416	0.00165863
0.767627	0.603212	-0.444416	0.00165863
0.767627	0.603212	-0.444416	0.00165863
0.767627	0.603212	-0.444416	0.00165863
0.767627	0.603212	-0.444416	0.00165863
0.767627	0.603212	-0.444416	0.00165863
0.767627	0.603212	-0.444416	0.00165863
0.767627	0.603212	-0.444416	0.00165863
0.767627	0.603212	-0.444416	0.00165863
0.767627	0.603212	-0.444416	0.00165863
0.767627	0.603212	-0.444416	0.00165863
0.767627	0.603212	-0.444416	0.00165863
0.767627	0.603212	-0.444416	0.00165863
0.767627	0.603212	-0.444416	0.00165863
0.767627	0.603212	-0.444416	0.00165863
0.767627	0.603212	-0.444416	0.00165863
0.767627	0.603212	-0.444416	0.00165863
0.767627	0.603212	-0.444416	0.00165863
0.767627	0.603212	-0.444416	0.00165863
0.767627	0.603212	-0.444416	0.00165863
0.767627	0.603212	-0.444416	0.00165863
0.767627	0.603212	-0.444416	0.00165863
0.767627	0.603212	-0.444416	0.00165863
0.767627	0.603212	-0.444416	0.00165863
0.767627	0.603212	-0.444416	0.00165863
0.767627	0.603212	-0.444416	0.00165863
0.767627	0.603212	-0.444416	0.00165863
0.767627	0.603212	-0.444416	0.00165863
0.784446	0.615497	-0.44668	0.00208154
0.784446	0.615497	-0.44668	0.00208154
0.78984	0.599092	-0.44472	0.00249784
0.78984	0.599092	-0.44472	0.00249784
0.790872	0.596128	-0.443707	0.00201868
0.799068	0.61131	-0.439899	0.00238688
0.785438	0.597961	-0.43787	0.00209951
0.78844	0.614496	-0.448669	0.00192276
0.78844	0.614496	-0.448669	0.00192276
0.78844	0.614496	-0.448669	0.00192276
0.78844	0.614496	-0.448669	0.00192276
0.78844	0.614496	-0.448669	0.00192276
0.78844	0.614496	-0.448669	0.00192276
0.78844	0.614496	-0.448669	0.00192276
0.78844	0.614496	-0.448669	0.00192276
0.78844	0.614496	-0.448669	0.00192276
0.78844	0.614496	-0.448669	0.00192276
0.78844	0.614496	-0.448669	0.00192276
0.78844	0.614496	-0.448669	0.00192276
0.78844	0.614496	-0.448669	0.00192276
0.78844	0.614496	-0.448669	0.00192276
0.78844	0.614496	-0.448669	0.00192276
0.78844	0.614496	-0.448669	0.00192276
0.78844	0.614496	-0.448669	0.00192276
0.78844	0.614496	-0.448669	0.00192276
0.78844	0.614496	-0.448669	0.00192276
0.78844	0.614496	-0.448669	0.00192276
0.78844	0.614496	-0.448669	0.00192276
0.78844	0.614496	-0.448669	0.00192276
0.78844	0.614496	-0.448669	0.00192276
0.78844	0.614496	-0.448669	0.00192276
0.78844	0.614496	-0.448669	0.00192276
0.78844	0.614496	-0.448669	0.00192276
0.78844	0.614496	-0.448669	0.00192276
0.78844	0.614496	-0.448669	0.00192276
0.78844	0.614496	-0.448669	0.00192276
0.78844	0.614496	-0.448669	0.00192276
0.78844	0.614496	-0.448669	0.00192276
0.78844	0.614496	-0.448669	0.00192276
0.78844	0.614496	-0.448669	0.00192276
0.78844	0.614496	-0.448669	0.00192276
0.78844	0.614496	-0.448669	0.00192276
0.78844	0.614496	-0.448669	0.00192276
0.78844	0.614496	-0.448669	0.00192276
0.78844	0.614496	-0.448669	0.00192276
0.78844	0.614496	-0.448669	0.00192276
0.78844	0.614496	-0.448669	0.00192276
0.78844	0.614496	-0.448669	0.00192276
0.78844	0.614496	-0.448669	0.00192276
0.78844	0.614496	-0.448669	0.00192276
0.78844	0.614496	-0.448669	0.00192276
0.78844	0.614496	-0.448669	0.00192276
0.78844	0.614496	-0.448669	0.00192276
0.78844	0.614496	-0.448669	0.00192276
0.794301	0.613575	-0.443315	0.00230728
0.794301	0.613575	-0.443315	0.00230728
0.807628	0.619899	-0.446085	0.00199945
0.807628	0.619899	-0.446085	0.00199945
0.807628	0.619899	-0.446085	0.00199945
0.808068	0.607464	-0.447024	0.00203408
0.808068	0.607464	-0.447024	0.00203408
0.808068	0.607464	-0.447024	0.00203408
0.808068	0.607464	-0.447024	0.00203408
0.808068	0.607464	-0.447024	0.00203408
0.804448	0.617703	-0.447901	0.00221786
0.804448	0.617703	-0.447901	0.00221786
0.804448	0.617703	-0.447901	0.00221786
0.804448	0.617703	-0.447901	0.00221786
0.804448	0.617703	-0.447901	0.00221786
0.804448	0.617703	-0.447901	0.00221786
0.800183	0.609927	-0.447095	0.00235785
0.800183	0.609927	-0.447095	0.00235785
0.800183	0.609927	-0.447095	0.00235785
0.800183	0.609927	-0.447095	0.00235785
0.814026	0.611882	-0.448364	0.00224445
0.814026	0.611882	-0.448364	0.00224445
0.814026	0.611882	-0.448364	0.00224445
0.814026	0.611882	-0.448364	0.00224445
0.814026	0.611882	-0.448364	0.00224445
0.814026	0.611882	-0.448364	0.00224445
0.814026	0.611882	-0.448364	0.00224445
0.814026	0.611882	-0.448364	0.00224445
0.811943	0.623765	-0.44606	0.0019405
0.811943	0.623765	-0.44606	0.0019405
0.820051	0.616757	-0.445678	0.00254644
0.820051	0.616757	-0.445678	0.00254644
0.820051	0.616757	-0.445678	0.00254644
0.804811	0.630868	-0.445869	0.00214189
0.804811	0.630868	-0.445869	0.00214189
0.804811	0.630868	-0.445869	0.00214189
0.804811	0.630868	-0.445869	0.00214189
0.804811	0.630868	-0.445869	0.00214189
0.804811	0.630868	-0.445869	0.00214189
0.804811	0.630868	-0.445869	0.00214189
0.804811	0.630868	-0.445869	0.00214189
0.804811	0.630868	-0.445869	0.00214189
0.804811	0.630868	-0.445869	0.00214189
0.804811	0.630868	-0.445869	0.00214189
0.804811	0.630868	-0.445869	0.00214189
0.804811	0.630868	-0.445869	0.00214189
0.804811	0.630868	-0.445869	0.00214189
0.804811	0.630868	-0.445869	0.00214189
0.804811	0.630868	-0.445869	0.00214189
0.804811	0.630868	-0.445869	0.00214189
0.804811	0.630868	-0.445869	0.00214189
0.804811	0.630868	-0.445869	0.00214189
0.798881	0.62124	-0.446099	0.00208213
0.785438	0.607467	-0.445516	0.00185958
0.785438	0.607467	-0.445516	0.00185958
0.785438	0.607467	-0.445516	0.00185958
0.795007	0.617054	-0.448167	0.00221232
0.810636	0.612685	-0.445177	0.00181736
0.810636	0.612685	-0.445177	0.00181736
0.797652	0.622881	-0.445117	0.00172402
0.797652	0.622881	-0.445117	0.00172402
0.797652	0.622881	-0.445117	0.00172402
0.797652	0.622881	-0.445117	0.00172402
0.797652	0.622881	-0.445117	0.00172402
0.797652	0.622881	-0.445117	0.00172402
0.797652	0.622881	-0.445117	0.00172402
0.797652	0.622881	-0.445117	0.00172402
0.801788	0.614497	-0.446268	0.00203023
0.801788	0.614497	-0.446268	0.00203023
0.801788	0.614497	-0.446268	0.00203023
0.801788	0.614497	-0.446268	0.00203023
0.801788	0.614497	-0.446268	0.00203023
0.801788	0.614497	-0.446268	0.00203023
0.806666	0.614605	-0.445654	0.00196522
0.798889	0.606178	-0.446708	0.00233941
0.806872	0.622111	-0.446003	0.00200883
0.800734	0.619443	-0.449726	0.00226888
0.800734	0.619443	-0.449726	0.00226888
0.800734	0.619443	-0.449726	0.00226888
0.800734	0.619443	-0.449726	0.00226888
0.800734	0.619443	-0.449726	0.00226888
0.785302	0.613396	-0.447899	0.00213646
0.785302	0.613396	-0.447899	0.00213646
0.785302	0.613396	-0.447899	0.00213646
0.785302	0.613396	-0.447899	0.00213646
0.785302	0.613396	-0.447899	0.00213646
0.785302	0.613396	-0.447899	0.00213646
0.785302	0.613396	-0.447899	0.00213646
0.785302	0.613396	-0.447899	0.00213646
0.785302	0.613396	-0.447899	0.00213646
0.785302	0.613396	-0.447899	0.00213646
0.785302	0.613396	-0.447899	0.00213646
0.785302	0.613396	-0.447899	0.00213646
0.785302	0.613396	-0.447899	0.00213646
0.785302	0.613396	-0.447899	0.00213646
0.785302	0.613396	-0.447899	0.00213646
0.785302	0.613396	-0.447899	0.00213646
0.785302	0.613396	-0.447899	0.00213646
0.785302	0.613396	-0.447899	0.00213646
0.785302	0.613396	-0.447899	0.00213646
0.785302	0.613396	-0.447899	0.00213646
0.785302	0.613396	-0.447899	0.00213646
0.785302	0.613396	-0.447899	0.00213646
0.785302	0.613396	-0.447899	0.00213646
0.785302	0.613396	-0.447899	0.00213646
0.785302	0.613396	-0.447899	0.00213646
0.785302	0.613396	-0.447899	0.00213646
0.785302	0.613396	-0.447899	0.00213646
0.802289	0.608083	-0.448419	0.00217739
0.802289	0.608083	-0.448419	0.00217739
0.802289	0.608083	-0.448419	0.00217739
0.802289	0.608083	-0.448419	0.00217739
0.802289	0.608083	-0.448419	0.00217739
0.802289	0.608083	-0.448419	0.00217739
0.802289	0.608083	-0.448419	0.00217739
0.802289	0.608083	-0.448419	0.00217739
0.802289	0.608083	-0.448419	0.00217739
0.802289	0.608083	-0.448419	0.00217739
0.802289	0.608083	-0.448419	0.00217739
0.802289	0.608083	-0.448419	0.00217739
0.802289	0.608083	-0.448419	0.00217739
0.802289	0.608083	-0.448419	0.00217739
0.802289	0.608083	-0.448419	0.00217739
0.802289	0.608083	-0.448419	0.00217739
0.802289	0.608083	-0.448419	0.00217739
0.802289	0.608083	-0.448419	0.00217739
0.802289	0.608083	-0.448419	0.00217739
0.802289	0.608083	-0.448419	0.00217739
0.802289	0.608083	-0.448419	0.00217739
0.802289	0.608083	-0.448419	0.00217739
0.802289	0.608083	-0.448419	0.00217739
0.802289	0.608083	-0.448419	0.00217739
0.802289	0.608083	-0.448419	0.00217739
0.802289	0.608083	-0.448419	0.00217739
0.802289	0.608083	-0.448419	0.00217739
0.802289	0.608083	-0.448419	0.00217739
0.802289	0.608083	-0.448419	0.00217739
0.802289	0.608083	-0.448419	0.00217739
0.802289	0.608083	-0.448419	0.00217739
0.802289	0.608083	-0.448419	0.00217739
0.802289	0.608083	-0.448419	0.00217739
0.802289	0.608083	-0.448419	0.00217739
0.802289	0.608083	-0.448419	0.00217739
0.802289	0.608083	-0.448419	0.00217739
0.802289	0.608083	-0.448419	0.00217739
0.802289	0.608083	-0.448419	0.00217739
0.802289	0.608083	-0.448419	0.00217739
0.802289	0.608083	-0.448419	0.00217739
0.802289	0.608083	-0.448419	0.00217739
0.802289	0.608083	-0.448419	0.00217739
0.802289	0.608083	-0.448419	0.00217739
0.802289	0.608083	-0.448419	0.00217739
0.802289	0.608083	-0.448419	0.00217739
0.802289	0.608083	-0.448419	0.00217739
0.802289	0.608083	-0.448419	0.00217739
0.802289	0.608083	-0.448419	0.00217739
0.802289	0.608083	-0.448419	0.00217739
0.802289	0.608083	-0.448419	0.00217739
0.802289	0.608083	-0.448419	0.00217739
0.802289	0.608083	-0.448419	0.00217739
0.802289	0.608083	-0.448419	0.00217739
0.802289	0.608083	-0.448419	0.00217739
0.802289	0.608083	-0.448419	0.00217739
0.802289	0.608083	-0.448419	0.00217739
0.802289	0.608083	-0.448419	0.00217739
0.802289	0.608083	-0.448419	0.00217739
0.802289	0.608083	-0.448419	0.00217739
0.802289	0.608083	-0.448419	0.00217739
0.802289	0.608083	-0.448419	0.00217739
0.802289	0.608083	-0.448419	0.00217739
0.802289	0.608083	-0.448419	0.00217739
0.802289	0.608083	-0.448419	0.00217739
0.802289	0.608083	-0.448419	0.00217739
0.802289	0.608083	-0.448419	0.00217739
0.802289	0.608083	-0.448419	0.00217739
0.802289	0.608083	-0.448419	0.00217739
0.802289	0.608083	-0.448419	0.00217739
0.802289	0.608083	-0.448419	0.00217739
0.802472	0.618537	-0.447572	0.00256465
0.802472	0.618537	-0.447572	0.00256465
0.802472	0.618537	-0.447572	0.00256465
0.802472	0.618537	-0.447572	0.00256465
0.802472	0.618537	-0.447572	0.00256465
0.802472	0.618537	-0.447572	0.00256465
0.802472	0.618537	-0.447572	0.00256465
0.802472	0.618537	-0.447572	0.00256465
0.802472	0.618537	-0.447572	0.00256465
0.802472	0.618537	-0.447572	0.00256465
0.802472	0.618537	-0.447572	0.00256465
0.802472	0.618537	-0.447572	0.00256465
0.802472	0.618537	-0.447572	0.00256465
0.802472	0.618537	-0.447572	0.00256465
0.802472	0.618537	-0.447572	0.00256465
0.802472	0.618537	-0.447572	0.00256465
0.794459	0.618954	-0.445777	0.00169494
0.794459	0.618954	-0.445777	0.00169494
0.807595	0.609046	-0.445185	0.00187002
0.807595	0.609046	-0.445185	0.00187002
0.807595	0.609046	-0.445185	0.00187002
0.807595	0.609046	-0.445185	0.00187002
0.807595	0.609046	-0.445185	0.00187002
0.807595	0.609046	-0.445185	0.00187002
0.810937	0.62029	-0.445596	0.00212498
0.797578	0.605105	-0.445407	0.00212538
0.797578	0.605105	-0.445407	0.00212538
0.797578	0.605105	-0.445407	0.00212538
0.797578	0.605105	-0.445407	0.00212538
0.797578	0.605105	-0.445407	0.00212538
0.797578	0.605105	-0.445407	0.00212538
0.797578	0.605105	-0.445407	0.00212538
0.797578	0.605105	-0.445407	0.00212538
0.792613	0.606803	-0.446902	0.00212351
0.792613	0.606803	-0.446902	0.00212351
0.792613	0.606803	-0.446902	0.00212351
0.792613	0.606803	-0.446902	0.00212351
0.792613	0.606803	-0.446902	0.00212351
0.796736	0.618256	-0.445449	0.00225324
0.781523	0.620923	-0.443734	0.00194124
0.781523	0.620923	-0.443734	0.00194124
0.781523	0.620923	-0.443734	0.00194124
0.781523	0.620923	-0.443734	0.00194124
0.781523	0.620923	-0.443734	0.00194124
0.790891	0.618651	-0.443731	0.00174545
0.790891	0.618651	-0.443731	0.00174545
0.790891	0.618651	-0.443731	0.00174545
0.790891	0.618651	-0.443731	0.00174545
0.790891	0.618651	-0.443731	0.00174545
0.783248	0.617771	-0.446544	0.00167049
0.783248	0.617771	-0.446544	0.00167049
0.783248	0.617771	-0.446544	0.00167049
0.783248	0.617771	-0.446544	0.00167049
0.789198	0.604576	-0.446215	0.00224903
0.789198	0.604576	-0.446215	0.00224903
0.799229	0.61	-0.446595	0.00197642
0.799229	0.61	-0.446595	0.00197642
0.799229	0.61	-0.446595	0.00197642
0.799229	0.61	-0.446595	0.00197642
0.799229	0.61	-0.446595	0.00197642
0.799229	0.61	-0.446595	0.00197642
0.799229	0.61	-0.446595	0.00197642
0.799229	0.61	-0.446595	0.00197642
0.799229	0.61	-0.446595	0.00197642
0.799229	0.61	-0.446595	0.00197642
0.799229	0.61	-0.446595	0.00197642
0.799229	0.61	-0.446595	0.00197642
0.799229	0.61	-0.446595	0.00197642
0.799229	0.61	-0.446595	0.00197642
0.799229	0.61	-0.446595	0.00197642
0.799229	0.61	-0.446595	0.00197642
0.799229	0.61	-0.446595	0.00197642
0.799229	0.61	-0.446595	0.00197642
0.799229	0.61	-0.446595	0.00197642
0.799229	0.61	-0.446595	0.00197642
0.799229	0.61	-0.446595	0.00197642
0.799229	0.61	-0.446595	0.00197642
0.799229	0.61	-0.446595	0.00197642
0.799229	0.61	-0.446595	0.00197642
0.799229	0.61	-0.446595	0.00197642
0.799229	0.61	-0.446595	0.00197642
0.814757	0.614883	-0.447719	0.0022506
0.814757	0.614883	-0.447719	0.0022506
0.814757	0.614883	-0.447719	0.0022506
0.814757	0.614883	-0.447719	0.0022506
0.814757	0.614883	-0.447719	0.0022506
0.804773	0.629586	-0.449836	0.00232029
0.804773	0.629586	-0.449836	0.00232029
0.804773	0.629586	-0.449836	0.00232029
0.804773	0.629586	-0.449836	0.00232029
0.804773	0.629586	-0.449836	0.00232029
0.804773	0.629586	-0.449836	0.00232029
0.804773	0.629586	-0.449836	0.00232029
0.804773	0.629586	-0.449836	0.00232029
0.804773	0.629586	-0.449836	0.00232029
0.804773	0.629586	-0.449836	0.00232029
0.804773	0.629586	-0.449836	0.00232029
0.804773	0.629586	-0.449836	0.00232029
0.804773	0.629586	-0.449836	0.00232029
0.804773	0.629586	-0.449836	0.00232029
0.804773	0.629586	-0.449836	0.00232029
0.804773	0.629586	-0.449836	0.00232029
0.804773	0.629586	-0.449836	0.00232029
0.804773	0.629586	-0.449836	0.00232029
0.804773	0.629586	-0.449836	0.00232029
0.804773	0.629586	-0.449836	0.00232029
0.804773	0.629586	-0.449836	0.00232029
0.804773	0.629586	-0.449836	0.00232029
0.804773	0.629586	-0.449836	0.00232029
0.804773	0.629586	-0.449836	0.00232029
0.804773	0.629586	-0.449836	0.00232029
0.804773	0.629586	-0.449836	0.00232029
0.804773	0.629586	-0.449836	0.00232029
0.804773	0.629586	-0.449836	0.00232029
0.804773	0.629586	-0.449836	0.00232029
0.804773	0.629586	-0.449836	0.00232029
0.804773	0.629586	-0.449836	0.00232029
0.804773	0.629586	-0.449836	0.00232029
0.804773	0.629586	-0.449836	0.00232029
0.804773	0.629586	-0.449836	0.00232029
0.804773	0.629586	-0.449836	0.00232029
0.804773	0.629586	-0.449836	0.00232029
0.804773	0.629586	-0.449836	0.00232029
0.804773	0.629586	-0.449836	0.00232029
0.804773	0.629586	-0.449836	0.00232029
0.804773	0.629586	-0.449836	0.00232029
0.804773	0.629586	-0.449836	0.00232029
0.804773	0.629586	-0.449836	0.00232029
0.804773	0.629586	-0.449836	0.00232029
0.804773	0.629586	-0.449836	0.00232029
0.804773	0.629586	-0.449836	0.00232029
0.804773	0.629586	-0.449836	0.00232029
0.804773	0.629586	-0.449836	0.00232029
0.804773	0.629586	-0.449836	0.00232029
0.804773	0.629586	-0.449836	0.00232029
0.804773	0.629586	-0.449836	0.00232029
0.804773	0.629586	-0.449836	0.00232029
0.804773	0.629586	-0.449836	0.00232029
0.804773	0.629586	-0.449836	0.00232029
0.804773	0.629586	-0.449836	0.00232029
0.804773	0.629586	-0.449836	0.00232029
0.804773	0.629586	-0.449836	0.00232029
0.804773	0.629586	-0.449836	0.00232029
0.804773	0.629586	-0.449836	0.00232029
0.804773	0.629586	-0.449836	0.00232029
0.804773	0.629586	-0.449836	0.00232029
0.804773	0.629586	-0.449836	0.00232029
0.804773	0.629586	-0.449836	0.00232029
0.804773	0.629586	-0.449836	0.00232029
0.804773	0.629586	-0.449836	0.00232029
0.804773	0.629586	-0.449836	0.00232029
0.804773	0.629586	-0.449836	0.00232029
0.804773	0.629586	-0.449836	0.00232029
0.804773	0.629586	-0.449836	0.00232029
0.804773	0.629586	-0.449836	0.00232029
0.804773	0.629586	-0.449836	0.00232029
0.804773	0.629586	-0.449836	0.00232029
0.804773	0.629586	-0.449836	0.00232029
0.804773	0.629586	-0.449836	0.00232029
0.804773	0.629586	-0.449836	0.00232029
0.804773	0.629586	-0.449836	0.00232029
0.818955	0.62453	-0.451628	0.00196793
0.818955	0.62453	-0.451628	0.00196793
0.818955	0.62453	-0.451628	0.00196793
0.818955	0.62453	-0.451628	0.00196793
0.818955	0.62453	-0.451628	0.00196793
0.818955	0.62453	-0.451628	0.00196793
0.818955	0.62453	-0.451628	0.00196793
0.818955	0.62453	-0.451628	0.00196793
0.818955	0.62453	-0.451628	0.00196793
0.818955	0.62453	-0.451628	0.00196793
0.818955	0.62453	-0.451628	0.00196793
0.818955	0.62453	-0.451628	0.00196793
0.818955	0.62453	-0.451628	0.00196793
0.818955	0.62453	-0.451628	0.00196793
0.818955	0.62453	-0.451628	0.00196793
0.818955	0.62453	-0.451628	0.00196793
0.818955	0.62453	-0.451628	0.00196793
0.818955	0.62453	-0.451628	0.00196793
0.818955	0.62453	-0.451628	0.00196793
0.818955	0.62453	-0.451628	0.00196793
0.818955	0.62453	-0.451628	0.00196793
0.818955	0.62453	-0.451628	0.00196793
0.818955	0.62453	-0.451628	0.00196793
0.818955	0.62453	-0.451628	0.00196793
0.818955	0.62453	-0.451628	0.00196793
0.818955	0.62453	-0.451628	0.00196793
0.818955	0.62453	-0.451628	0.00196793
0.818955	0.62453	-0.451628	0.00196793
0.818955	0.62453	-0.451628	0.00196793
0.818955	0.62453	-0.451628	0.00196793
0.818955	0.62453	-0.451628	0.00196793
0.818955	0.62453	-0.451628	0.00196793
0.818955	0.62453	-0.451628	0.00196793
0.818955	0.62453	-0.451628	0.00196793
0.818955	0.62453	-0.451628	0.00196793
0.818955	0.62453	-0.451628	0.00196793
0.818955	0.62453	-0.451628	0.00196793
0.818955	0.62453	-0.451628	0.00196793
0.818955	0.62453	-0.451628	0.00196793
0.818955	0.62453	-0.451628	0.00196793
0.818955	0.62453	-0.451628	0.00196793
0.818955	0.62453	-0.451628	0.00196793
0.818955	0.62453	-0.451628	0.00196793
0.818955	0.62453	-0.451628	0.00196793
0.818955	0.62453	-0.451628	0.00196793
0.818955	0.62453	-0.451628	0.00196793
0.818955	0.62453	-0.451628	0.00196793
0.818955	0.62453	-0.451628	0.00196793
0.818955	0.62453	-0.451628	0.00196793
0.818955	0.62453	-0.451628	0.00196793
0.818955	0.62453	-0.451628	0.00196793
0.818955	0.62453	-0.451628	0.00196793
0.818955	0.62453	-0.451628	0.00196793
0.818955	0.62453	-0.451628	0.00196793
0.818955	0.62453	-0.451628	0.00196793
0.818955	0.62453	-0.451628	0.00196793
0.818955	0.62453	-0.451628	0.00196793
0.818955	0.62453	-0.451628	0.00196793
0.818955	0.62453	-0.451628	0.00196793
0.818955	0.62453	-0.451628	0.00196793
0.818955	0.62453	-0.451628	0.00196793
0.818955	0.62453	-0.451628	0.00196793
0.818955	0.62453	-0.451628	0.00196793
0.818955	0.62453	-0.451628	0.00196793
0.818955	0.62453	-0.451628	0.00196793
0.818955	0.62453	-0.451628	0.00196793
0.818955	0.62453	-0.451628	0.00196793
0.818955	0.62453	-0.451628	0.00196793
0.818955	0.62453	-0.451628	0.00196793
0.818955	0.62453	-0.451628	0.00196793
0.818955	0.62453	-0.451628	0.00196793
0.818955	0.62453	-0.451628	0.00196793
0.818955	0.62453	-0.451628	0.00196793
0.818955	0.62453	-0.451628	0.00196793
0.818955	0.62453	-0.451628	0.00196793
0.818955	0.62453	-0.451628	0.00196793
0.818955	0.62453	-0.451628	0.00196793
0.818955	0.62453	-0.451628	0.00196793
0.818955	0.62453	-0.451628	0.00196793
0.818955	0.62453	-0.451628	0.00196793
0.818955	0.62453	-0.451628	0.00196793
0.818955	0.62453	-0.451628	0.00196793
0.818955	0.62453	-0.451628	0.00196793
0.818955	0.62453	-0.451628	0.00196793
0.818955	0.62453	-0.451628	0.00196793
0.818955	0.62453	-0.451628	0.00196793
0.818955	0.62453	-0.451628	0.00196793
0.818955	0.62453	-0.451628	0.00196793
0.818955	0.62453	-0.451628	0.00196793
0.818955	0.62453	-0.451628	0.00196793
0.818955	0.62453	-0.451628	0.00196793
0.818955	0.62453	-0.451628	0.00196793
0.818955	0.62453	-0.451628	0.00196793
0.818955	0.62453	-0.451628	0.00196793
0.818955	0.62453	-0.451628	0.00196793
0.818955	0.62453	-0.451628	0.00196793
0.818955	0.62453	-0.451628	0.00196793
0.818955	0.62453	-0.451628	0.00196793
0.818955	0.62453	-0.451628	0.00196793
0.818955	0.62453	-0.451628	0.00196793
0.818955	0.62453	-0.451628	0.00196793
0.818955	0.62453	-0.451628	0.00196793
0.818955	0.62453	-0.451628	0.00196793
0.818955	0.62453	-0.451628	0.00196793
0.818955	0.62453	-0.451628	0.00196793
0.818955	0.62453	-0.451628	0.00196793
0.818955	0.62453	-0.451628	0.00196793
0.818955	0.62453	-0.451628	0.00196793
0.818955	0.62453	-0.451628	0.00196793
0.818955	0.62453	-0.451628	0.00196793
0.818955	0.62453	-0.451628	0.00196793
0.818955	0.62453	-0.451628	0.00196793
0.818955	0.62453	-0.451628	0.00196793
0.818955	0.62453	-0.451628	0.00196793
0.818955	0.62453	-0.451628	0.00196793
0.818955	0.62453	-0.451628	0.00196793
0.818955	0.62453	-0.451628	0.00196793
0.818955	0.62453	-0.451628	0.00196793
0.818955	0.62453	-0.451628	0.00196793
0.818955	0.62453	-0.451628	0.00196793
0.818955	0.62453	-0.451628	0.00196793
0.818955	0.62453	-0.451628	0.00196793
0.818955	0.62453	-0.451628	0.00196793
0.818955	0.62453	-0.451628	0.00196793
0.818955	0.62453	-0.451628	0.00196793
0.818955	0.62453	-0.451628	0.00196793
0.818955	0.62453	-0.451628	0.00196793
0.818955	0.62453	-0.451628	0.00196793
0.818955	0.62453	-0.451628	0.00196793
0.818955	0.62453	-0.451628	0.00196793
0.818955	0.62453	-0.451628	0.00196793
0.818955	0.62453	-0.451628	0.00196793
0.818955	0.62453	-0.451628	0.00196793
0.818955	0.62453	-0.451628	0.00196793
0.818955	0.62453	-0.451628	0.00196793
0.818955	0.62453	-0.451628	0.00196793
0.818955	0.62453	-0.451628	0.00196793
0.818955	0.62453	-0.451628	0.00196793
0.818955	0.62453	-0.451628	0.00196793
0.818955	0.62453	-0.451628	0.00196793
0.818955	0.62453	-0.451628	0.00196793
0.818955	0.62453	-0.451628	0.00196793
0.818955	0.62453	-0.451628	0.00196793
0.818955	0.62453	-0.451628	0.00196793
0.818955	0.62453	-0.451628	0.00196793
0.818955	0.62453	-0.451628	0.00196793
0.818955	0.62453	-0.451628	0.00196793
0.818955	0.62453	-0.451628	0.00196793
0.818955	0.62453	-0.451628	0.00196793
0.818955	0.62453	-0.451628	0.00196793
0.818955	0.62453	-0.451628	0.00196793
0.818955	0.62453	-0.451628	0.00196793
0.818955	0.62453	-0.451628	0.00196793
0.818955	0.62453	-0.451628	0.00196793
0.818955	0.62453	-0.451628	0.00196793
0.818955	0.62453	-0.451628	0.00196793
0.818955	0.62453	-0.451628	0.00196793
0.818955	0.62453	-0.451628	0.00196793
0.818955	0.62453	-0.451628	0.00196793
0.818955	0.62453	-0.451628	0.00196793
0.818955	0.62453	-0.451628	0.00196793
0.818955	0.62453	-0.451628	0.00196793
0.818955	0.62453	-0.451628	0.00196793
0.818955	0.62453	-0.451628	0.00196793
0.818955	0.62453	-0.451628	0.00196793
0.818955	0.62453	-0.451628	0.00196793
0.818955	0.62453	-0.451628	0.00196793
0.818955	0.62453	-0.451628	0.00196793
0.818955	0.62453	-0.451628	0.00196793
0.818955	0.62453	-0.451628	0.00196793
0.818955	0.62453	-0.451628	0.00196793
0.818955	0.62453	-0.451628	0.00196793
0.818955	0.62453	-0.451628	0.00196793
0.818955	0.62453	-0.451628	0.00196793
0.818955	0.62453	-0.451628	0.00196793
0.818955	0.62453	-0.451628	0.00196793
0.818955	0.62453	-0.451628	0.00196793
0.818955	0.62453	-0.451628	0.00196793
0.818955	0.62453	-0.451628	0.00196793
0.818955	0.62453	-0.451628	0.00196793
0.818955	0.62453	-0.451628	0.00196793
0.818955	0.62453	-0.451628	0.00196793
0.818955	0.62453	-0.451628	0.00196793
0.818955	0.62453	-0.451628	0.00196793
0.818955	0.62453	-0.451628	0.00196793
0.818955	0.62453	-0.451628	0.00196793
0.818955	0.62453	-0.451628	0.00196793
0.818955	0.62453	-0.451628	0.00196793
0.818955	0.62453	-0.451628	0.00196793
0.818955	0.62453	-0.451628	0.00196793
0.818955	0.62453	-0.451628	0.00196793
0.818955	0.62453	-0.451628	0.00196793
0.818955	0.62453	-0.451628	0.00196793
0.818955	0.62453	-0.451628	0.00196793
0.818955	0.62453	-0.451628	0.00196793
0.818955	0.62453	-0.451628	0.00196793
0.818955	0.62453	-0.451628	0.00196793
0.818955	0.62453	-0.451628	0.00196793
0.818955	0.62453	-0.451628	0.00196793
0.818955	0.62453	-0.451628	0.00196793
0.818955	0.62453	-0.451628	0.00196793
0.818955	0.62453	-0.451628	0.00196793
0.818955	0.62453	-0.451628	0.00196793
0.818955	0.62453	-0.451628	0.00196793
0.818955	0.62453	-0.451628	0.00196793
0.818955	0.62453	-0.451628	0.00196793
0.818955	0.62453	-0.451628	0.00196793
0.818955	0.62453	-0.451628	0.00196793
0.818955	0.62453	-0.451628	0.00196793
0.818955	0.62453	-0.451628	0.00196793
0.818955	0.62453	-0.451628	0.00196793
0.818955	0.62453	-0.451628	0.00196793
0.818955	0.62453	-0.451628	0.00196793
0.818955	0.62453	-0.451628	0.00196793
0.818955	0.62453	-0.451628	0.00196793
0.818955	0.62453	-0.451628	0.00196793
0.818955	0.62453	-0.451628	0.00196793
0.818955	0.62453	-0.451628	0.00196793
0.818955	0.62453	-0.451628	0.00196793
0.818955	0.62453	-0.451628	0.00196793
0.818955	0.62453	-0.451628	0.00196793
0.818955	0.62453	-0.451628	0.00196793
0.818955	0.62453	-0.451628	0.00196793
0.818955	0.62453	-0.451628	0.00196793
0.818955	0.62453	-0.451628	0.00196793
0.818955	0.62453	-0.451628	0.00196793
0.818955	0.62453	-0.451628	0.00196793
0.818955	0.62453	-0.451628	0.00196793
0.818955	0.62453	-0.451628	0.00196793
0.818955	0.62453	-0.451628	0.00196793
0.818955	0.62453	-0.451628	0.00196793
0.818955	0.62453	-0.451628	0.00196793
0.818955	0.62453	-0.451628	0.00196793
0.818955	0.62453	-0.451628	0.00196793
0.818955	0.62453	-0.451628	0.00196793
0.818955	0.62453	-0.451628	0.00196793
0.818955	0.62453	-0.451628	0.00196793
0.818955	0.62453	-0.451628	0.00196793
0.818955	0.62453	-0.451628	0.00196793
0.818955	0.62453	-0.451628	0.00196793
0.818955	0.62453	-0.451628	0.00196793
0.818955	0.62453	-0.451628	0.00196793
0.818955	0.62453	-0.451628	0.00196793
0.818955	0.62453	-0.451628	0.00196793
0.818955	0.62453	-0.451628	0.00196793
0.818955	0.62453	-0.451628	0.00196793
0.818955	0.62453	-0.451628	0.00196793
0.818955	0.62453	-0.451628	0.00196793
0.818955	0.62453	-0.451628	0.00196793
0.818955	0.62453	-0.451628	0.00196793
0.818955	0.62453	-0.451628	0.00196793
0.818955	0.62453	-0.451628	0.00196793
0.818955	0.62453	-0.451628	0.00196793
0.818955	0.62453	-0.451628	0.00196793
0.818955	0.62453	-0.451628	0.00196793
0.818955	0.62453	-0.451628	0.00196793
0.818955	0.62453	-0.451628	0.00196793
0.818955	0.62453	-0.451628	0.00196793
0.818955	0.62453	-0.451628	0.00196793
0.818955	0.62453	-0.451628	0.00196793
0.818955	0.62453	-0.451628	0.00196793
0.818955	0.62453	-0.451628	0.00196793
0.818955	0.62453	-0.451628	0.00196793
0.818955	0.62453	-0.451628	0.00196793
0.818955	0.62453	-0.451628	0.00196793
0.818955	0.62453	-0.451628	0.00196793
