#     BLOCK:   ACTUAL_KE:    KE_AVE:      ERROR:
           1     3.08173     3.08173           0
           2     2.82309     2.95241    0.091445
           3      2.4803     2.79504    0.142221
           4     2.34781     2.68323    0.144059
           5     2.27024     2.60063    0.136894
           6     2.20876     2.53532    0.128719
           7     2.17844     2.48434    0.120003
           8     2.12206     2.43905    0.113225
           9     2.12357       2.404    0.105932
          10     2.07644     2.37124    0.100275
          11     2.02609     2.33987   0.0959429
          12     1.99972     2.31152   0.0920396
          13     2.01583     2.28878   0.0877252
          14     2.03145      2.2704   0.0833625
          15     2.00591     2.25276   0.0796479
          16     1.98236     2.23586   0.0764419
          17     2.02259     2.22332   0.0729675
          18     2.06993      2.2148   0.0694096
          19     2.02402     2.20476   0.0664787
          20     1.99573      2.1943    0.063971
          21     1.98922     2.18454   0.0616657
          22     1.96316     2.17448   0.0596781
          23     1.97815     2.16594   0.0576906
          24     1.94462     2.15672    0.056019
          25     1.94808     2.14837   0.0543963
          26      1.9464      2.1406   0.0528559
          27     1.97641     2.13452   0.0512469
          28     1.99695     2.12961   0.0496517
          29     1.99645     2.12502   0.0481514
          30     2.01794     2.12145   0.0466784
          31     2.01682     2.11807   0.0452946
          32     1.99053     2.11409   0.0440541
          33     2.01318     2.11103   0.0428251
          34     1.99909     2.10774   0.0416919
          35     1.98078     2.10411   0.0406582
          36     1.97096     2.10041   0.0396967
          37       1.995     2.09756   0.0387259
          38      1.9411     2.09344   0.0379251
          39     1.94008     2.08951    0.037156
          40     1.95046     2.08604   0.0363893
          41     1.94288     2.08254   0.0356689
          42     1.96692     2.07979   0.0349257
          43     1.93305     2.07638   0.0342798
          44     1.94365     2.07336   0.0336332
          45     1.92492     2.07006   0.0330472
          46     1.91687     2.06673   0.0324961
          47     1.97421     2.06476   0.0318643
          48     1.96688     2.06273   0.0312656
          49     1.98559     2.06115   0.0306672
          50     1.99033     2.05973   0.0300865
          51     1.99704     2.05851   0.0295217
          52     1.99366     2.05726   0.0289803
          53      1.9944     2.05607   0.0284577
          54        1.94     2.05392   0.0280118
          55     1.92649     2.05161   0.0275982
          56     1.97387     2.05022   0.0271402
          57      1.9432     2.04834   0.0267289
          58     1.95006     2.04665   0.0263217
          59     1.98001     2.04552   0.0258998
          60      1.9999     2.04476   0.0254793
          61     1.99266      2.0439   0.0250759
          62     2.02081     2.04353   0.0246743
          63     2.02722     2.04327    0.024284
          64     1.93332     2.04155   0.0239652
          65     1.93609     2.03993   0.0236514
          66     1.93906      2.0384   0.0233424
          67     1.96523     2.03731   0.0230195
          68      1.9867     2.03657    0.022693
          69     1.99374     2.03594   0.0223726
          70     1.94598     2.03466   0.0220899
          71     1.96023     2.03361   0.0218036
          72     1.89657     2.03171   0.0215837
          73     1.95321     2.03063   0.0213148
          74     1.96006     2.02968   0.0210481
          75     1.94006     2.02848   0.0208014
          76     1.93614     2.02727   0.0205631
          77     1.98479     2.02672   0.0203035
          78     1.99832     2.02635   0.0200464
          79     1.98017     2.02577   0.0198012
          80     1.99143     2.02534   0.0195583
          81     1.97156     2.02468   0.0193281
          82     1.95681     2.02385   0.0191101
          83     1.96722     2.02317   0.0188921
          84     1.96582     2.02248   0.0186795
          85     1.98964      2.0221   0.0184637
          86     1.94084     2.02115   0.0182732
          87     1.96825     2.02054   0.0180733
          88     1.95156     2.01976   0.0178849
          89     1.97735     2.01928   0.0176903
          90     1.92269     2.01821   0.0175262
          91     1.90725     2.01699    0.017376
          92     1.89059     2.01562   0.0172414
          93     1.89565     2.01433   0.0171042
          94     1.94485     2.01359   0.0169382
          95     1.96436     2.01307   0.0167678
          96     1.95073     2.01242   0.0166057
          97     1.93586     2.01163   0.0164533
          98     1.94327     2.01093   0.0163002
          99      1.9351     2.01017   0.0161535
         100     1.97593     2.00982   0.0159956
         101     1.91722     2.00891   0.0158635
         102     1.94249     2.00826   0.0157213
         103     1.95087      2.0077   0.0155785
         104     2.01642     2.00778    0.015429
         105     1.98128     2.00753   0.0152841
         106      1.9444     2.00694   0.0151515
         107     1.92281     2.00615   0.0150303
         108     1.95401     2.00567   0.0148989
         109     2.01207     2.00573   0.0147623
         110     2.02472      2.0059   0.0146291
         111     2.03173     2.00613   0.0144992
         112     1.98172     2.00591   0.0143713
         113     1.97232     2.00562   0.0142472
         114      1.9469      2.0051   0.0141316
         115     1.97129     2.00481   0.0140117
         116     1.98378     2.00463   0.0138921
         117     1.97071     2.00434   0.0137764
         118     1.99576     2.00426   0.0136599
         119     2.01282     2.00433   0.0135453
         120     1.97587      2.0041   0.0134345
         121     1.98873     2.00397    0.013324
         122     2.01099     2.00403   0.0132149
         123     2.06218      2.0045   0.0131159
         124     2.04118      2.0048   0.0130135
         125     1.99207     2.00469   0.0129098
         126     1.98475     2.00454   0.0128083
         127     2.03584     2.00478   0.0127098
         128     1.99436      2.0047   0.0126108
         129     1.99986     2.00466   0.0125131
         130      2.0483       2.005   0.0124213
         131      2.0633     2.00544   0.0123345
         132     2.05073     2.00579   0.0122458
         133     2.00693      2.0058   0.0121537
         134     2.03014     2.00598   0.0120644
         135     2.06348      2.0064   0.0119826
         136     2.05145     2.00673    0.011899
         137     2.04452     2.00701   0.0118154
         138     2.06552     2.00743   0.0117374
         139     1.99558     2.00735   0.0116532
         140     1.94417      2.0069   0.0115787
         141     1.95907     2.00656   0.0115016
         142     1.98596     2.00641   0.0114215
         143     1.97716     2.00621   0.0113435
         144     1.95968     2.00589   0.0112693
         145     1.99915     2.00584   0.0111917
         146     1.92641      2.0053   0.0111282
         147     1.91075     2.00465   0.0110711
         148     1.99029     2.00456   0.0109967
         149     2.03545     2.00476   0.0109249
         150     2.01294     2.00482   0.0108522
         151     2.04511     2.00508   0.0107836
         152      1.9753     2.00489   0.0107144
         153     1.99706     2.00484   0.0106445
         154     2.05564     2.00517   0.0105805
         155     2.03194     2.00534   0.0105136
         156     2.01063     2.00537   0.0104463
         157     1.96801     2.00514   0.0103825
         158     2.01264     2.00518   0.0103169
         159     2.01633     2.00525   0.0102522
         160     1.99663      2.0052   0.0101883
         161     1.96996     2.00498   0.0101274
         162     1.94275      2.0046   0.0100721
         163     1.94474     2.00423    0.010017
         164     1.97995     2.00408  0.00995704
         165     2.02226     2.00419   0.0098973
         166     1.98728     2.00409   0.0098382
         167     2.00597      2.0041   0.0097793
         168     1.99645     2.00406  0.00972119
         169     1.98485     2.00394  0.00966434
         170     1.97216     2.00375  0.00960929
         171     1.97048     2.00356  0.00955507
         172     2.01534     2.00363  0.00949976
         173     1.97037     2.00344   0.0094468
         174     1.98053      2.0033  0.00939342
         175     2.03879     2.00351  0.00934193
         176     1.94897      2.0032  0.00929399
         177     1.96466     2.00298  0.00924403
         178     1.99896     2.00296  0.00919213
         179     1.96065     2.00272  0.00914381
         180     1.96274      2.0025  0.00909571
         181     1.95984     2.00226  0.00904851
         182     1.96959     2.00208  0.00900057
         183     1.97008     2.00191  0.00895309
         184     2.01268     2.00197  0.00890462
         185     2.00595     2.00199  0.00885652
         186     1.99057     2.00193  0.00880911
         187     1.97233     2.00177  0.00876343
         188     1.98112     2.00166   0.0087175
         189     1.98997      2.0016   0.0086716
         190     1.95251     2.00134  0.00862981
         191     1.91543     2.00089  0.00859634
         192     1.92402     2.00049  0.00856088
         193     1.95357     2.00025  0.00851998
         194      1.9596     2.00004  0.00847863
         195     1.95401      1.9998  0.00843844
         196      1.9795      1.9997  0.00839602
         197     1.98965     1.99965  0.00835356
         198     1.97749     1.99953  0.00831212
         199     1.97024     1.99939  0.00827165
         200     2.00366     1.99941  0.00823032
         201      1.9924     1.99937  0.00818945
         202     1.99256     1.99934  0.00814897
         203     1.96237     1.99916  0.00811087
         204     1.95555     1.99894  0.00807392
         205     1.97197     1.99881  0.00803561
         206     1.96713     1.99866  0.00799807
         207     1.93305     1.99834  0.00796571
         208     1.95267     1.99812  0.00793044
         209     1.94972     1.99789  0.00789588
         210     1.94047     1.99762  0.00786301
         211     1.98301     1.99755  0.00782605
         212     1.97643     1.99745  0.00778977
         213      1.9767     1.99735  0.00775381
         214     2.02666     1.99749  0.00771878
         215     2.04046     1.99769  0.00768547
         216       2.022      1.9978  0.00765071
         217      2.0303     1.99795  0.00761692
         218     1.92694     1.99762  0.00758894
         219     1.95164     1.99741   0.0075572
         220     1.96375     1.99726  0.00752439
         221      1.9787     1.99718  0.00749082
         222     1.94536     1.99694  0.00746071
         223     1.91236     1.99656  0.00743689
         224     1.90074     1.99614  0.00741598
         225     1.95074     1.99593  0.00738577
         226     2.00885     1.99599  0.00735331
         227     2.00742     1.99604  0.00732109
         228      1.9871       1.996  0.00728908
         229     2.01995     1.99611    0.007258
         230     1.99298     1.99609  0.00722646
         231     1.97344       1.996  0.00719584
         232     1.96046     1.99584  0.00716645
         233     2.01496     1.99592  0.00713616
         234     2.01656     1.99601  0.00710621
         235     2.01335     1.99609  0.00707636
         236     2.04086     1.99628  0.00704891
         237     2.03629     1.99644  0.00702119
         238     2.03429      1.9966  0.00699349
         239     2.03062     1.99675  0.00696568
         240      2.0085      1.9968  0.00693683
         241     2.00667     1.99684  0.00690817
         242      1.9954     1.99683  0.00687962
         243     1.94322     1.99661  0.00685485
         244     1.93351     1.99635  0.00683163
         245     1.94715     1.99615   0.0068067
         246     1.96143     1.99601  0.00678049
         247     1.99109     1.99599  0.00675307
         248     1.98809     1.99596  0.00672591
         249      1.9699     1.99585  0.00669972
         250     1.94873     1.99566  0.00667557
         251      1.9702     1.99556  0.00664974
         252     1.91688     1.99525  0.00663068
         253     1.92845     1.99499  0.00660973
         254     1.97719     1.99492  0.00658408
         255     1.93764     1.99469  0.00656209
         256     1.94197     1.99449  0.00653969
         257     1.97015     1.99439  0.00651493
         258     1.94143     1.99419  0.00649291
         259     1.93353     1.99395  0.00647206
         260     1.91624     1.99365  0.00645407
         261     1.94876     1.99348  0.00643163
         262     1.95029     1.99332   0.0064092
         263      1.9187     1.99303   0.0063911
         264     1.96165     1.99291    0.006368
         265     1.92073     1.99264  0.00634979
         266     1.91309     1.99234  0.00633296
         267     1.89323     1.99197  0.00632011
         268     1.91613     1.99169  0.00630286
         269     1.93123     1.99146  0.00628343
         270     1.93071     1.99124  0.00626419
         271     1.90978     1.99094  0.00624828
         272     1.95025     1.99079   0.0062271
         273     1.98141     1.99075  0.00620439
         274     1.97598      1.9907  0.00618198
         275     1.94261     1.99052  0.00616197
         276     1.96288     1.99042  0.00614046
         277     1.97288     1.99036  0.00611862
         278     1.97953     1.99032  0.00609673
         279     2.01704     1.99042  0.00607563
         280     1.97818     1.99037  0.00605409
         281     1.98627     1.99036  0.00603256
         282     1.99409     1.99037  0.00601118
         283     1.97451     1.99032   0.0059902
         284     1.96412     1.99022  0.00596982
         285     1.91044     1.98994  0.00595544
         286     1.88832     1.98959   0.0059452
         287     1.89737     1.98927  0.00593316
         288     1.91499     1.98901  0.00591817
         289      1.9277      1.9888  0.00590149
         290     1.89947     1.98849  0.00588917
         291     1.91324     1.98823  0.00587461
         292     1.95775     1.98813  0.00585542
         293     1.91176     1.98787  0.00584123
         294     1.91353     1.98761  0.00582683
         295     1.94651     1.98747  0.00580875
         296     1.89855     1.98717  0.00579689
         297     1.86921     1.98678  0.00579096
         298     1.91798     1.98655  0.00577613
         299     1.94721     1.98641  0.00575831
         300      1.9349     1.98624  0.00574167
         301      1.9413     1.98609  0.00572454
         302     2.00821     1.98617  0.00570605
         303     1.97593     1.98613  0.00568732
         304     2.01458     1.98623  0.00566938
         305      1.9728     1.98618  0.00565096
         306     1.97977     1.98616  0.00563253
         307      1.9435     1.98602   0.0056159
         308     1.95668     1.98593  0.00559847
         309     1.93977     1.98578  0.00558235
         310     1.93962     1.98563  0.00556633
         311     1.97413     1.98559  0.00554855
         312     1.94997     1.98548  0.00553194
         313     1.93605     1.98532  0.00551652
         314       1.914     1.98509  0.00550363
         315     1.89777     1.98482  0.00549313
         316     1.88115     1.98449  0.00548554
         317     1.94475     1.98436  0.00546966
         318     1.97447     1.98433  0.00545255
         319     1.96383     1.98427  0.00543584
         320     1.92023     1.98407  0.00542253
         321     1.87858     1.98374  0.00541559
         322     1.90583      1.9835  0.00540417
         323     1.91163     1.98327  0.00539202
         324     1.91143     1.98305  0.00537993
         325     1.93821     1.98291  0.00536515
         326     1.92822     1.98275  0.00535131
         327     1.97296     1.98272  0.00533503
         328     2.01024      1.9828  0.00531943
         329     1.96672     1.98275  0.00530348
         330     1.99668     1.98279  0.00528758
         331     1.98881     1.98281  0.00527164
         332     1.97243     1.98278  0.00525585
         333     1.92498     1.98261  0.00524293
         334     1.93505     1.98246  0.00522917
         335     1.93153     1.98231  0.00521577
         336      1.9305     1.98216  0.00520253
         337     1.98324     1.98216  0.00518709
         338     2.04024     1.98233  0.00517459
         339     1.95944     1.98227  0.00515976
         340     1.92839     1.98211  0.00514702
         341     1.95341     1.98202  0.00513262
         342      1.9062      1.9818  0.00512239
         343     1.94826      1.9817  0.00510839
         344     2.00517     1.98177    0.005094
         345     1.97704     1.98176  0.00507925
         346     1.96554     1.98171  0.00506479
         347     1.98408     1.98172   0.0050502
         348     2.00501     1.98178  0.00503613
         349     2.01315     1.98187   0.0050225
         350     2.05414     1.98208  0.00501239
         351     2.03486     1.98223  0.00500037
         352     2.02234     1.98235  0.00498746
         353     1.96971     1.98231  0.00497346
         354     1.93762     1.98218  0.00496101
         355     2.03199     1.98232  0.00494902
         356     1.98738     1.98234  0.00493514
         357     1.94494     1.98223  0.00492243
         358     1.91203     1.98204  0.00491258
         359     1.97344     1.98201  0.00489896
         360     1.95952     1.98195  0.00488575
         361     1.97572     1.98193  0.00487224
         362     1.97992     1.98193  0.00485879
         363     1.97891     1.98192  0.00484541
         364       2.025     1.98204  0.00483354
         365     1.99742     1.98208  0.00482048
         366     2.00757     1.98215  0.00480782
         367     2.00972     1.98222   0.0047953
         368     1.95794     1.98216  0.00478273
         369     1.93131     1.98202  0.00477175
         370     1.95582     1.98195  0.00475938
         371     1.91834     1.98178  0.00474964
         372     1.98719     1.98179  0.00473689
         373     1.97206     1.98177  0.00472426
         374     1.96933     1.98173  0.00471175
         375      1.9889     1.98175  0.00469922
         376     1.95482     1.98168  0.00468727
         377     1.97605     1.98167  0.00467486
         378     1.93584     1.98154  0.00466407
         379     1.95034     1.98146  0.00465249
         380     1.97325     1.98144  0.00464029
         381     2.00537      1.9815  0.00462854
         382     1.97703     1.98149  0.00461644
         383      1.9531     1.98142  0.00460498
         384     1.99356     1.98145  0.00459309
         385     2.00321     1.98151  0.00458151
         386     1.96552     1.98146  0.00456983
         387     1.97332     1.98144  0.00455807
         388     1.98106     1.98144  0.00454632
         389     1.91862     1.98128   0.0045375
         390     1.91902     1.98112  0.00452868
         391     1.93455       1.981  0.00451866
         392      1.9119     1.98083  0.00451057
         393     1.93026      1.9807  0.00450093
         394     1.97056     1.98067  0.00448958
         395     1.98379     1.98068  0.00447822
         396     2.00987     1.98075  0.00446752
         397     2.00733     1.98082  0.00445676
         398     1.95859     1.98076  0.00444592
         399     1.90759     1.98058  0.00443855
         400     1.93034     1.98046  0.00442923
         401     1.95096     1.98038   0.0044188
         402     1.96254     1.98034  0.00440803
         403     2.00858     1.98041  0.00439765
         404     1.97274     1.98039  0.00438681
         405     1.94804     1.98031   0.0043767
         406     1.94653     1.98023  0.00436671
         407     1.99619     1.98026  0.00435616
         408     1.96122     1.98022  0.00434573
         409     1.95246     1.98015  0.00433564
         410     1.95891      1.9801  0.00432537
         411     2.01329     1.98018   0.0043156
         412      1.9519     1.98011  0.00430567
         413     1.98848     1.98013  0.00429529
         414      1.9843     1.98014  0.00428493
         415     1.92856     1.98002  0.00427641
         416     1.93914     1.97992  0.00426726
         417     1.93982     1.97982  0.00425811
         418     1.93237     1.97971  0.00424943
         419     1.97351     1.97969  0.00423932
         420     1.93673     1.97959  0.00423046
         421     1.96003     1.97955  0.00422067
         422     1.94656     1.97947  0.00421139
         423     1.98236     1.97947  0.00420144
         424      2.0175     1.97956  0.00419248
         425     2.03871      1.9797  0.00418493
         426     2.01178     1.97978  0.00417578
         427     1.97729     1.97977  0.00416601
         428      1.9535     1.97971  0.00415673
         429      1.9501     1.97964  0.00414761
         430      1.9793     1.97964  0.00413796
         431     2.00131     1.97969  0.00412867
         432     2.05593     1.97987  0.00412288
         433     2.04439     1.98002  0.00411605
         434     2.02274     1.98012  0.00410774
         435     2.06017      1.9803  0.00410242
         436      1.9851     1.98031  0.00409303
         437     1.94946     1.98024  0.00408427
         438     1.94471     1.98016  0.00407575
         439     1.96122     1.98012   0.0040667
         440     1.95763     1.98006  0.00405777
         441     1.91052     1.97991  0.00405164
         442     1.90589     1.97974  0.00404593
         443     1.92892     1.97962  0.00403842
         444     1.99208     1.97965  0.00402942
         445     1.96527     1.97962   0.0040205
         446     1.99363     1.97965  0.00401161
         447      1.9596     1.97961  0.00400288
         448     1.92992      1.9795  0.00399548
         449     1.93699      1.9794  0.00398771
         450     1.92676     1.97928  0.00398056
         451     1.97732     1.97928  0.00397174
         452     1.92686     1.97916  0.00396464
         453     1.90169     1.97899  0.00395958
         454     1.92239     1.97887  0.00395282
         455     1.91962     1.97874  0.00394627
         456     1.91806      1.9786  0.00393986
         457     1.94564     1.97853   0.0039319
         458     1.99148     1.97856  0.00392342
         459     1.98085     1.97857  0.00391487
         460     1.98795     1.97859  0.00390642
         461     2.00875     1.97865  0.00389849
         462     2.00938     1.97872  0.00389062
         463     2.04328     1.97886  0.00388472
         464     2.06936     1.97905  0.00388124
         465      1.9912     1.97908  0.00387298
         466     2.00039     1.97912  0.00386494
         467     1.99169     1.97915  0.00385675
         468     1.99126     1.97918   0.0038486
         469     1.95583     1.97913  0.00384072
         470     1.95253     1.97907  0.00383296
         471     1.95829     1.97903  0.00382508
         472     1.93745     1.97894  0.00381799
         473     1.94091     1.97886  0.00381076
         474      1.9275     1.97875  0.00380426
         475     1.95753     1.97871  0.00379652
         476      1.9465     1.97864  0.00378914
         477     1.92729     1.97853  0.00378273
         478     1.94646     1.97846  0.00377541
         479     1.94072     1.97838  0.00376835
         480     1.94054     1.97831  0.00376132
         481     1.96522     1.97828   0.0037536
         482     1.98999      1.9783  0.00374589
         483     1.95675     1.97826   0.0037384
         484     1.92115     1.97814  0.00373254
         485     1.94211     1.97807  0.00372558
         486     1.95703     1.97802  0.00371817
         487     1.97212     1.97801  0.00371055
         488     2.00721     1.97807  0.00370343
         489     1.99122      1.9781  0.00369596
         490     1.99109     1.97812  0.00368851
         491     1.99364     1.97815  0.00368113
         492     1.98925     1.97818  0.00367372
         493     1.99915     1.97822  0.00366651
         494     2.01683      1.9783  0.00365993
         495     2.00846     1.97836  0.00365304
         496     2.03615     1.97848  0.00364753
         497     2.02576     1.97857  0.00364143
         498     1.97749     1.97857  0.00363412
         499     1.98099     1.97857  0.00362684
         500     1.98379     1.97858   0.0036196
